7 226.316
154 662
235 662
276 662
492 662
596 662
604 662
610 662
656 662
717 204.643
724 132.647
801 299.65
802 411.858
803 225.18
858 364.942
913 287.288
980 499.286
1146 77.9567
1194 436.569
1273 230.431
1339 662
1479 662
1918 333.935
1944 136.676
2041 662
2473 297.266
2886 662
2899 662
3094 53.9698
3129 662
3211 662
3279 136.519
3401 200.771
3505 223.385
3605 44.9198
3642 128.027
3657 90.3357
4192 395.992
4510 15.0955
4902 84.0327
4910 662
5059 279.942
5065 283.944
5128 314.104
5187 662
5209 662
5372 303.143
5547 264.057
5654 662
5958 180.824
5963 662
5972 441.099
6026 662
6379 662
6775 662
6865 662
6931 210.248
7062 141.462
7372 383.29
7810 385.994
7890 662
8081 135.655
8432 662
8646 469.467
8733 550.593
8769 662
8770 662
8802 422.576
8810 662
8881 662
9170 662
9302 662
9473 293.344
9687 662
9853 387.894
9856 4.18945
9933 459.398
10079 662
10303 271.752
10403 662
10460 294.312
10613 662
10727 117.474
10810 344.782
10949 662
11432 57.6882
11863 333.128
12003 662
12152 662
12173 662
12179 130.548
12191 462.786
12482 662
12512 662
12546 237.601
12745 662
12778 132.532
12815 4.32407
12950 662
13076 662
13256 372.48
13450 95.9117
13661 662
13774 662
13948 407.072
14203 45.0159
14480 662
14714 662
14843 662
15027 121.998
15383 662
15430 88.1365
15458 197.935
15540 662
15608 662
15753 370.385
15769 662
15984 662
16011 662
16145 354.164
16201 50.3326
16274 662
16288 662
16474 662
16615 662
16864 157.528
17099 56.0526
17107 662
17138 217.663
17281 662
17446 283.035
17709 662
17811 60.1593
17870 60.5444
17986 144.864
18285 662
18322 662
18682 191.736
18701 182.913
18706 430.114
19161 218.593
19239 318.188
19519 662
19524 332.932
19529 662
19570 662
19712 373.799
19756 662
19847 662
20256 662
20365 662
20432 662
20510 662
20513 396.149
20757 75.5246
20950 662
21123 662
21526 662
21642 662
21705 39.8065
21963 662
22169 363.387
22206 662
22217 1.10453
22297 662
22369 662
22436 291.463
22475 662
22587 662
22617 662
22698 662
22706 92.3876
22841 662
22974 38.0512
23125 662
23142 170.957
23173 662
23313 401.525
23390 404.619
23522 662
23576 22.3913
23662 662
23694 186.715
24056 426.812
24479 662
24669 662
24723 662
24900 206.46
25080 342.131
25175 28.906
25203 280.773
25210 381.798
25430 662
25449 662
25699 54.4026
25789 662
25834 662
25879 77.7185
26009 436.363
26322 662
26441 19.5061
26538 662
26575 141.945
26910 448.376
26974 242.942
27007 662
27457 74.189
27467 662
27719 662
28094 662
28253 662
28637 662
28790 38.6585
28797 314.479
28803 662
28834 662
29119 448.617
29198 437.232
29460 309.413
29484 662
29488 662
29552 96.6707
29660 454.847
29758 662
29824 383.297
29931 662
29932 662
30058 662
30178 269.075
30272 662
30385 280.237
30401 276.397
30458 248.934
30462 662
30509 662
30540 662
30618 68.7459
30649 662
30671 662
30770 662
30855 232.642
30857 662
31036 662
31264 475.136
31657 410.6
31665 332.208
31678 662
32057 278.874
32678 662
32813 345.44
33055 2.84275
33240 372.772
33259 291.242
33319 662
33440 662
33445 291.689
33854 662
34018 662
34036 132.451
34055 161.161
34108 297.623
34331 179.335
34550 297.983
34767 662
34806 662
34871 303.169
35121 19.8603
35555 279.513
35571 662
35760 422.869
35854 662
36142 461.213
36480 184.229
36483 662
36584 323.511
36634 662
36776 662
36785 323.298
36793 81.7712
37181 101.615
37420 662
37650 662
37818 223.598
37886 448.477
38145 662
38503 662
38522 469.082
38541 662
38687 662
38887 303.124
39020 662
39055 250.08
39299 373.063
39385 454.844
39580 662
39867 338.361
40036 662
40613 78.0062
40627 662
40666 662
40692 662
40841 662
41040 182.737
41092 662
41178 662
41250 662
41289 662
41374 3.79509
41473 662
41770 388.603
41824 325.211
41829 662
41877 249.14
41927 662
41965 247.917
41984 183.481
42072 662
42464 662
42546 662
42667 413.196
42751 182.918
42845 662
43066 662
43368 662
43433 662
43798 299.699
43913 139.486
43943 662
44124 662
44379 662
44386 314.202
44513 116.651
44603 394.427
45297 439.609
45304 517.078
45533 85.1785
45608 52.5229
45627 662
45632 144.382
45729 422.337
46126 662
46178 662
46199 284.042
46416 390.453
46694 662
46817 662
46854 662
47018 662
47021 662
47061 662
47154 464.865
47205 662
47310 349.588
47431 262.816
47443 662
47640 276.421
47814 164.499
47826 662
47914 662
47965 461.429
48028 662
48337 56.5514
48462 662
48582 128.439
48662 239.534
48785 328.379
48823 662
48910 662
48988 182.605
49003 662
49046 154.563
49230 211.866
49336 662
49444 662
49471 662
49497 662
49525 662
49930 662
49996 27.0579
50153 160.632
50200 662
50256 257.923
50257 662
50434 662
50835 168.657
50989 370.803
51128 662
51177 662
51194 263.252
51285 662
51323 662
51347 662
51400 292.388
51647 44.2126
51657 14.1358
51664 662
51955 662
52341 662
52346 662
