1 3 57.932 285.229 3.41773e+07 3.41773e+07 
1 3 82.0113 789.474 4.90593e+07 4.90593e+07 
1 3 193.909 528.014 6.32079e+07 6.32079e+07 
1 3 352.55 229.202 6.96773e+07 6.96773e+07 
1 3 488.527 169.779 7.06461e+07 7.06461e+07 
1 3 406.374 468.591 7.2854e+07 7.2854e+07 
1 3 53.6827 176.57 8.43811e+07 8.43811e+07 
1 3 475.779 195.246 8.77695e+07 8.77695e+07 
1 3 127.337 261.46 9.54474e+07 9.54474e+07 
1 3 240.652 341.256 1.06086e+08 1.06086e+08 
1 3 480.028 225.806 1.10463e+08 1.10463e+08 
1 3 420.538 210.526 1.10747e+08 1.10747e+08 
1 3 271.813 246.18 1.18648e+08 1.18648e+08 
1 3 266.147 157.895 1.2436e+08 1.2436e+08 
1 3 287.394 657.046 1.33487e+08 1.33487e+08 
1 3 158.499 252.971 1.35196e+08 1.35196e+08 
1 3 189.66 544.992 1.54097e+08 1.54097e+08 
1 3 166.997 268.251 1.55466e+08 1.55466e+08 
1 3 76.3456 390.492 1.61785e+08 1.61785e+08 
1 3 142.918 341.256 1.62385e+08 1.62385e+08 
1 3 179.745 370.119 1.65621e+08 1.65621e+08 
1 3 205.241 268.251 1.75161e+08 1.75161e+08 
1 3 59.3484 463.497 1.75726e+08 1.75726e+08 
1 3 104.674 302.207 1.80207e+08 1.80207e+08 
1 3 240.652 169.779 1.93199e+08 1.93199e+08 
1 3 86.2606 670.628 1.94568e+08 1.94568e+08 
1 3 495.609 351.443 1.97308e+08 1.97308e+08 
1 3 114.589 497.453 1.97862e+08 1.97862e+08 
1 3 368.13 154.499 2.03876e+08 2.03876e+08 
1 3 66.4306 942.275 2.12545e+08 2.12545e+08 
1 3 59.3484 176.57 2.17555e+08 2.17555e+08 
1 3 437.535 336.163 2.21612e+08 2.21612e+08 
1 3 79.1785 412.564 2.2197e+08 2.2197e+08 
1 3 202.408 168.081 2.30286e+08 2.30286e+08 
1 3 322.805 278.438 2.38501e+08 2.38501e+08 
1 3 301.558 217.317 2.46584e+08 2.46584e+08 
1 3 497.025 181.664 2.60525e+08 2.60525e+08 
1 3 268.98 651.952 2.60977e+08 2.60977e+08 
1 3 111.756 314.092 2.61423e+08 2.61423e+08 
1 3 237.819 234.295 2.65033e+08 2.65033e+08 
1 3 59.3484 531.409 2.71162e+08 2.71162e+08 
1 3 331.303 675.722 2.77629e+08 2.77629e+08 
1 3 291.643 219.015 2.8264e+08 2.8264e+08 
1 3 349.717 303.905 2.85421e+08 2.85421e+08 
1 3 202.408 422.75 2.85743e+08 2.85743e+08 
1 3 239.235 276.74 2.85746e+08 2.85746e+08 
1 3 417.705 354.839 2.86687e+08 2.86687e+08 
1 3 168.414 208.829 2.9014e+08 2.9014e+08 
1 3 188.244 320.883 2.9065e+08 2.9065e+08 
1 3 60.7649 415.959 2.90915e+08 2.90915e+08 
1 3 145.751 191.851 2.94853e+08 2.94853e+08 
1 3 431.87 597.623 2.96881e+08 2.96881e+08 
1 3 308.64 662.139 2.97824e+08 2.97824e+08 
1 3 191.076 198.642 2.99186e+08 2.99186e+08 
1 3 131.586 195.246 3.00821e+08 3.00821e+08 
1 3 327.054 553.48 3.07968e+08 3.07968e+08 
1 3 487.11 314.092 3.10215e+08 3.10215e+08 
1 3 349.717 668.93 3.10248e+08 3.10248e+08 
1 3 443.201 152.801 3.38431e+08 3.38431e+08 
1 3 341.218 356.537 3.38892e+08 3.38892e+08 
1 3 463.031 363.328 3.42383e+08 3.42383e+08 
1 3 358.215 295.416 3.50748e+08 3.50748e+08 
1 3 233.569 151.104 3.52868e+08 3.52868e+08 
1 3 474.363 210.526 3.64423e+08 3.64423e+08 
1 3 198.159 247.878 3.68621e+08 3.68621e+08 
1 3 66.4306 619.694 3.6978e+08 3.6978e+08 
1 3 217.989 370.119 3.75141e+08 3.75141e+08 
1 3 378.045 528.014 3.85817e+08 3.85817e+08 
1 3 457.365 451.613 3.99872e+08 3.99872e+08 
1 3 183.994 775.891 4.20379e+08 4.20379e+08 
1 3 147.167 213.922 4.22176e+08 4.22176e+08 
1 3 396.459 234.295 4.22676e+08 4.22676e+08 
1 3 125.921 451.613 4.23075e+08 4.23075e+08 
1 3 155.666 205.433 4.25586e+08 4.25586e+08 
1 3 103.258 606.112 4.25649e+08 4.25649e+08 
1 3 383.711 181.664 4.27717e+08 4.27717e+08 
1 3 271.813 196.944 4.30675e+08 4.30675e+08 
1 3 227.904 295.416 4.34214e+08 4.34214e+08 
1 3 131.586 178.268 4.37122e+08 4.37122e+08 
1 3 283.144 500.849 4.39303e+08 4.39303e+08 
1 3 353.966 587.436 4.40043e+08 4.40043e+08 
1 3 379.462 171.477 4.50847e+08 4.50847e+08 
1 3 108.924 281.834 4.53692e+08 4.53692e+08 
1 3 73.5127 585.739 4.9512e+08 4.9512e+08 
1 3 212.323 234.295 5.58161e+08 5.58161e+08 
1 3 230.737 689.304 5.61876e+08 5.61876e+08 
1 3 240.652 164.686 5.71147e+08 5.71147e+08 
1 3 395.042 162.988 5.72071e+08 5.72071e+08 
1 3 251.983 217.317 5.74723e+08 5.74723e+08 
1 3 83.4278 176.57 5.7607e+08 5.7607e+08 
1 3 186.827 154.499 5.77795e+08 5.77795e+08 
1 3 465.864 261.46 5.80619e+08 5.80619e+08 
1 3 57.932 196.944 5.81492e+08 5.81492e+08 
1 3 280.312 378.608 5.82537e+08 5.82537e+08 
1 3 227.904 200.34 5.85268e+08 5.85268e+08 
1 3 268.98 193.548 5.86597e+08 5.86597e+08 
1 3 291.643 456.706 6.0083e+08 6.0083e+08 
1 3 128.754 174.873 6.05611e+08 6.05611e+08 
1 3 419.122 210.526 6.08548e+08 6.08548e+08 
1 3 227.904 166.384 6.11508e+08 6.11508e+08 
1 3 312.89 263.158 6.17926e+08 6.17926e+08 
1 3 185.411 156.197 6.20326e+08 6.20326e+08 
1 3 199.575 151.104 6.36823e+08 6.36823e+08 
1 3 86.2606 256.367 6.37478e+08 6.37478e+08 
1 3 164.164 308.998 6.45823e+08 6.45823e+08 
1 3 325.637 179.966 6.47714e+08 6.47714e+08 
1 3 90.5099 154.499 6.55534e+08 6.55534e+08 
1 3 59.3484 555.178 6.55921e+08 6.55921e+08 
1 3 154.249 162.988 6.5704e+08 6.5704e+08 
1 3 477.195 232.598 6.57553e+08 6.57553e+08 
1 3 424.788 239.389 6.61784e+08 6.61784e+08 
1 3 232.153 174.873 6.62755e+08 6.62755e+08 
1 3 267.564 561.969 6.64688e+08 6.64688e+08 
1 3 182.578 300.509 6.69313e+08 6.69313e+08 
1 3 72.0963 166.384 6.73255e+08 6.73255e+08 
1 3 152.833 502.547 6.74301e+08 6.74301e+08 
1 3 216.572 161.29 6.75779e+08 6.75779e+08 
1 3 372.38 292.02 6.78378e+08 6.78378e+08 
1 3 172.663 2015.28 6.80841e+08 6.80841e+08 
1 3 308.64 202.037 6.88338e+08 6.88338e+08 
1 3 251.983 152.801 6.89629e+08 6.89629e+08 
1 3 200.992 529.711 6.95487e+08 6.95487e+08 
1 3 159.915 166.384 6.96062e+08 6.96062e+08 
1 3 237.819 471.986 7.04502e+08 7.04502e+08 
1 3 52.2663 370.119 7.07973e+08 7.07973e+08 
1 3 321.388 329.372 7.11515e+08 7.11515e+08 
1 3 436.119 263.158 7.11527e+08 7.11527e+08 
1 3 400.708 655.348 7.12933e+08 7.12932e+08 
1 3 284.561 213.922 7.14104e+08 7.14104e+08 
1 3 57.932 410.866 7.21755e+08 7.21755e+08 
1 3 202.408 193.548 7.26747e+08 7.26747e+08 
1 3 189.66 171.477 7.34116e+08 7.34116e+08 
1 3 420.538 171.477 7.3481e+08 7.3481e+08 
1 3 179.745 164.686 7.41055e+08 7.41055e+08 
1 3 264.731 230.9 7.48101e+08 7.48101e+08 
1 3 158.499 400.679 7.48804e+08 7.48804e+08 
1 3 65.0142 191.851 7.50997e+08 7.50997e+08 
1 3 395.042 225.806 7.51074e+08 7.51074e+08 
1 3 234.986 303.905 7.57235e+08 7.57235e+08 
1 3 209.49 522.92 7.57312e+08 7.57312e+08 
1 3 175.496 434.635 7.57711e+08 7.57711e+08 
1 3 165.581 329.372 7.69376e+08 7.69376e+08 
1 3 487.11 213.922 7.71103e+08 7.71103e+08 
1 3 342.635 258.065 7.74138e+08 7.74138e+08 
1 3 229.32 239.389 7.76053e+08 7.76053e+08 
1 3 171.246 157.895 7.78209e+08 7.78209e+08 
1 3 107.507 232.598 7.78354e+08 7.78354e+08 
1 3 402.125 213.922 7.8991e+08 7.8991e+08 
1 3 91.9263 865.874 7.89931e+08 7.89931e+08 
1 3 254.816 202.037 8.11456e+08 8.11456e+08 
1 3 390.793 617.997 8.14944e+08 8.14944e+08 
1 3 101.841 334.465 8.18521e+08 8.18521e+08 
1 3 158.499 191.851 8.20525e+08 8.20525e+08 
1 3 240.652 234.295 8.25236e+08 8.25236e+08 
1 3 80.5949 286.927 8.25655e+08 8.25655e+08 
1 3 242.068 310.696 8.35622e+08 8.35622e+08 
1 3 195.326 191.851 8.38113e+08 8.38113e+08 
1 3 176.912 453.311 8.40387e+08 8.40387e+08 
1 3 155.666 696.095 8.50373e+08 8.50373e+08 
1 3 304.391 242.784 8.58856e+08 8.58856e+08 
1 3 206.657 466.893 8.60833e+08 8.60833e+08 
1 3 138.669 577.25 8.71057e+08 8.71057e+08 
1 3 429.037 219.015 8.71173e+08 8.71173e+08 
1 3 65.0142 188.455 8.72012e+08 8.72012e+08 
1 3 219.405 341.256 8.786e+08 8.786e+08 
1 3 162.748 237.691 8.79012e+08 8.79012e+08 
1 3 67.847 179.966 8.86314e+08 8.86314e+08 
1 3 244.901 2307.3 8.92558e+08 8.92558e+08 
1 3 375.212 487.267 8.96535e+08 8.96535e+08 
1 3 274.646 196.944 8.96978e+08 8.96978e+08 
1 3 213.739 308.998 9.09924e+08 9.09924e+08 
1 3 145.751 541.596 9.11542e+08 9.11542e+08 
1 3 413.456 507.64 9.26562e+08 9.26562e+08 
1 3 108.924 210.526 9.38726e+08 9.38726e+08 
1 3 62.1813 183.362 9.44211e+08 9.44211e+08 
1 3 107.507 171.477 9.44309e+08 9.44309e+08 
1 3 66.4306 455.008 9.45581e+08 9.45581e+08 
1 3 133.003 285.229 9.48924e+08 9.48924e+08 
1 3 206.657 288.625 9.70389e+08 9.70389e+08 
1 3 94.7592 375.212 9.75813e+08 9.75813e+08 
1 3 249.15 504.244 9.79701e+08 9.79701e+08 
1 3 133.003 152.801 9.81342e+08 9.81342e+08 
1 3 73.5127 477.08 9.82409e+08 9.82409e+08 
1 3 423.371 507.64 9.82866e+08 9.82866e+08 
1 3 55.0992 295.416 9.93973e+08 9.93973e+08 
1 3 103.258 376.91 9.97182e+08 9.97182e+08 
1 3 216.572 385.399 9.9985e+08 9.9985e+08 
1 3 416.289 439.728 1.00122e+09 1.00122e+09 
1 3 141.501 314.092 1.00434e+09 1.00434e+09 
1 3 419.122 297.114 1.00526e+09 1.00526e+09 
1 3 103.258 434.635 1.01782e+09 1.01782e+09 
1 3 121.671 203.735 1.02027e+09 1.02027e+09 
1 3 164.164 580.645 1.02111e+09 1.02111e+09 
1 3 441.785 487.267 1.02617e+09 1.02617e+09 
1 3 206.657 522.92 1.03217e+09 1.03217e+09 
1 3 113.173 488.964 1.03368e+09 1.03368e+09 
1 3 329.887 215.62 1.03883e+09 1.03883e+09 
1 3 260.482 492.36 1.03903e+09 1.03903e+09 
1 3 363.881 164.686 1.04826e+09 1.04826e+09 
1 3 60.7649 164.686 1.04831e+09 1.04831e+09 
1 3 345.467 295.416 1.05428e+09 1.05428e+09 
1 3 114.589 188.455 1.05532e+09 1.05532e+09 
1 3 424.788 528.014 1.06572e+09 1.06572e+09 
1 3 175.496 329.372 1.07433e+09 1.07433e+09 
1 3 349.717 151.104 1.07474e+09 1.07474e+09 
1 3 362.465 483.871 1.08585e+09 1.08585e+09 
1 3 116.006 202.037 1.08814e+09 1.08814e+09 
1 3 181.161 823.43 1.09058e+09 1.09058e+09 
1 3 217.989 168.081 1.09077e+09 1.09077e+09 
1 3 244.901 168.081 1.11164e+09 1.11164e+09 
1 3 137.252 471.986 1.11216e+09 1.11216e+09 
1 3 352.55 191.851 1.11218e+09 1.11218e+09 
1 3 168.414 156.197 1.11395e+09 1.11395e+09 
1 3 308.64 1280.14 1.12183e+09 1.12183e+09 
1 3 244.901 215.62 1.13189e+09 1.13189e+09 
1 3 402.125 183.362 1.13804e+09 1.13804e+09 
1 3 233.569 266.553 1.14221e+09 1.14221e+09 
1 3 123.088 196.944 1.14647e+09 1.14647e+09 
1 3 263.314 297.114 1.14754e+09 1.14754e+09 
1 3 117.422 297.114 1.15756e+09 1.15756e+09 
1 3 254.816 351.443 1.1615e+09 1.1615e+09 
1 3 406.374 159.593 1.1683e+09 1.1683e+09 
1 3 91.9263 254.669 1.17001e+09 1.17001e+09 
1 3 414.873 234.295 1.1765e+09 1.1765e+09 
1 3 234.986 568.761 1.18332e+09 1.18332e+09 
1 3 302.975 640.068 1.18448e+09 1.18448e+09 
1 3 293.059 908.319 1.18474e+09 1.18474e+09 
1 3 400.708 592.53 1.18801e+09 1.18801e+09 
1 3 128.754 388.795 1.19447e+09 1.19447e+09 
1 3 175.496 161.29 1.19774e+09 1.19774e+09 
1 3 220.822 439.728 1.19841e+09 1.19841e+09 
1 3 203.824 168.081 1.19938e+09 1.19938e+09 
1 3 397.875 353.141 1.20018e+09 1.20018e+09 
1 3 319.972 161.29 1.20665e+09 1.20665e+09 
1 3 284.561 190.153 1.21255e+09 1.21255e+09 
1 3 210.907 156.197 1.21768e+09 1.21768e+09 
1 3 260.482 207.131 1.21882e+09 1.21882e+09 
1 3 346.884 351.443 1.22343e+09 1.22343e+09 
1 3 278.895 181.664 1.2251e+09 1.2251e+09 
1 3 114.589 212.224 1.27003e+09 1.27003e+09 
1 3 145.751 212.224 1.27132e+09 1.27132e+09 
1 3 438.952 500.849 1.28154e+09 1.28154e+09 
1 3 77.762 191.851 1.28223e+09 1.28223e+09 
1 3 225.071 363.328 1.28228e+09 1.28228e+09 
1 3 191.076 235.993 1.28481e+09 1.28481e+09 
1 3 406.374 387.097 1.28599e+09 1.28599e+09 
1 3 152.833 193.548 1.29275e+09 1.29275e+09 
1 3 253.399 387.097 1.29355e+09 1.29355e+09 
1 3 447.45 578.947 1.29651e+09 1.29651e+09 
1 3 141.501 528.014 1.29749e+09 1.29749e+09 
1 3 410.623 176.57 1.30762e+09 1.30762e+09 
1 3 328.47 426.146 1.30941e+09 1.30941e+09 
1 3 150 3181.66 1.30957e+09 1.30957e+09 
1 3 215.156 538.2 1.31081e+09 1.31081e+09 
1 3 76.3456 166.384 1.31531e+09 1.31531e+09 
1 3 203.824 602.716 1.31755e+09 1.31755e+09 
1 3 158.499 417.657 1.32883e+09 1.32883e+09 
1 3 480.028 366.723 1.3345e+09 1.3345e+09 
1 3 200.992 332.767 1.33741e+09 1.33741e+09 
1 3 319.972 365.025 1.34128e+09 1.34128e+09 
1 3 311.473 371.817 1.34718e+09 1.34718e+09 
1 3 128.754 310.696 1.35668e+09 1.35668e+09 
1 3 385.127 171.477 1.3641e+09 1.3641e+09 
1 3 189.66 714.771 1.3696e+09 1.3696e+09 
1 3 195.326 259.762 1.37327e+09 1.37327e+09 
1 3 205.241 229.202 1.38772e+09 1.38772e+09 
1 3 159.915 196.944 1.38839e+09 1.38839e+09 
1 3 74.9292 173.175 1.39391e+09 1.39391e+09 
1 3 195.326 254.669 1.39441e+09 1.39441e+09 
1 3 353.966 903.226 1.4048e+09 1.4048e+09 
1 3 186.827 578.947 1.40952e+09 1.40952e+09 
1 3 178.329 258.065 1.41146e+09 1.41146e+09 
1 3 73.5127 482.173 1.41187e+09 1.41187e+09 
1 3 60.7649 224.109 1.41415e+09 1.41415e+09 
1 3 273.229 162.988 1.42098e+09 1.42098e+09 
1 3 191.076 412.564 1.42508e+09 1.42508e+09 
1 3 287.394 271.647 1.44487e+09 1.44487e+09 
1 3 417.705 519.525 1.44541e+09 1.44541e+09 
1 3 366.714 242.784 1.44687e+09 1.44687e+09 
1 3 134.419 505.942 1.45266e+09 1.45266e+09 
1 3 67.847 512.733 1.45947e+09 1.45947e+09 
1 3 351.133 235.993 1.46251e+09 1.46251e+09 
1 3 131.586 152.801 1.46561e+09 1.46561e+09 
1 3 308.64 438.031 1.47884e+09 1.47884e+09 
1 3 260.482 319.185 1.48208e+09 1.48208e+09 
1 3 233.569 176.57 1.48678e+09 1.48678e+09 
1 3 166.997 154.499 1.49335e+09 1.49335e+09 
1 3 358.215 186.757 1.50943e+09 1.50943e+09 
1 3 276.062 258.065 1.51584e+09 1.51584e+09 
1 3 106.091 222.411 1.52827e+09 1.52827e+09 
1 3 107.507 290.323 1.53003e+09 1.53003e+09 
1 3 348.3 300.509 1.54815e+09 1.54815e+09 
1 3 216.572 169.779 1.55267e+09 1.55267e+09 
1 3 209.49 232.598 1.55537e+09 1.55537e+09 
1 3 174.079 169.779 1.55709e+09 1.55709e+09 
1 3 89.0935 176.57 1.56764e+09 1.56764e+09 
1 3 65.0142 173.175 1.57293e+09 1.57293e+09 
1 3 189.66 281.834 1.57834e+09 1.57834e+09 
1 3 59.3484 202.037 1.57883e+09 1.57883e+09 
1 3 111.756 162.988 1.58094e+09 1.58094e+09 
1 3 378.045 159.593 1.58472e+09 1.58472e+09 
1 3 475.779 409.168 1.58596e+09 1.58596e+09 
1 3 261.898 405.772 1.58652e+09 1.58652e+09 
1 3 74.9292 259.762 1.6038e+09 1.6038e+09 
1 3 113.173 451.613 1.60464e+09 1.60464e+09 
1 3 276.062 252.971 1.60563e+09 1.60563e+09 
1 3 420.538 191.851 1.60696e+09 1.60696e+09 
1 3 450.283 536.503 1.61019e+09 1.61019e+09 
1 3 339.802 217.317 1.61695e+09 1.61695e+09 
1 3 53.6827 156.197 1.62541e+09 1.62541e+09 
1 3 319.972 198.642 1.62911e+09 1.62911e+09 
1 3 315.722 161.29 1.63244e+09 1.63244e+09 
1 3 390.793 278.438 1.63277e+09 1.63277e+09 
1 3 310.057 195.246 1.63692e+09 1.63692e+09 
1 3 191.076 164.686 1.6563e+09 1.6563e+09 
1 3 94.7592 471.986 1.66474e+09 1.66474e+09 
1 3 74.9292 349.745 1.6673e+09 1.6673e+09 
1 3 93.3428 327.674 1.67057e+09 1.67057e+09 
1 3 174.079 310.696 1.68408e+09 1.68408e+09 
1 3 108.924 269.949 1.69803e+09 1.69803e+09 
1 3 60.7649 395.586 1.69842e+09 1.69842e+09 
1 3 62.1813 208.829 1.70468e+09 1.70468e+09 
1 3 103.258 567.063 1.70553e+09 1.70553e+09 
1 3 186.827 519.525 1.71427e+09 1.71427e+09 
1 3 446.034 526.316 1.71843e+09 1.71843e+09 
1 3 80.5949 212.224 1.71865e+09 1.71865e+09 
1 3 227.904 478.778 1.7234e+09 1.7234e+09 
1 3 62.1813 368.421 1.72492e+09 1.72492e+09 
1 3 96.1756 171.477 1.7265e+09 1.7265e+09 
1 3 91.9263 152.801 1.72922e+09 1.72922e+09 
1 3 222.238 1261.46 1.73818e+09 1.73818e+09 
1 3 183.994 225.806 1.73968e+09 1.73968e+09 
1 3 437.535 203.735 1.74012e+09 1.74012e+09 
1 3 400.708 342.954 1.75886e+09 1.75886e+09 
1 3 409.207 488.964 1.76088e+09 1.76088e+09 
1 3 172.663 405.772 1.76634e+09 1.76634e+09 
1 3 91.9263 171.477 1.77029e+09 1.77029e+09 
1 3 284.561 259.762 1.77883e+09 1.77883e+09 
1 3 192.493 327.674 1.78037e+09 1.78037e+09 
1 3 311.473 205.433 1.78732e+09 1.78732e+09 
1 3 86.2606 526.316 1.80344e+09 1.80344e+09 
1 3 355.382 473.684 1.80619e+09 1.80619e+09 
1 3 322.805 312.394 1.80777e+09 1.80777e+09 
1 3 378.045 774.194 1.80791e+09 1.80791e+09 
1 3 395.042 191.851 1.80946e+09 1.80946e+09 
1 3 79.1785 453.311 1.81363e+09 1.81363e+09 
1 3 188.244 358.234 1.81378e+09 1.81378e+09 
1 3 237.819 224.109 1.81747e+09 1.81747e+09 
1 3 429.037 512.733 1.81878e+09 1.81878e+09 
1 3 144.334 331.07 1.83202e+09 1.83202e+09 
1 3 217.989 171.477 1.8345e+09 1.8345e+09 
1 3 242.068 516.129 1.8349e+09 1.8349e+09 
1 3 82.0113 259.762 1.8359e+09 1.8359e+09 
1 3 69.2635 869.27 1.84737e+09 1.84737e+09 
1 3 107.507 252.971 1.84817e+09 1.84817e+09 
1 3 298.725 185.059 1.84996e+09 1.84996e+09 
1 3 131.586 200.34 1.8555e+09 1.8555e+09 
1 3 56.5156 293.718 1.86357e+09 1.86357e+09 
1 3 114.589 215.62 1.86639e+09 1.86639e+09 
1 3 447.45 188.455 1.86919e+09 1.86919e+09 
1 3 379.462 468.591 1.87031e+09 1.87031e+09 
1 3 152.833 169.779 1.87105e+09 1.87105e+09 
1 3 135.836 181.664 1.87192e+09 1.87192e+09 
1 3 217.989 466.893 1.87687e+09 1.87687e+09 
1 3 355.382 524.618 1.8779e+09 1.8779e+09 
1 3 229.32 397.284 1.87806e+09 1.87806e+09 
1 3 232.153 205.433 1.87862e+09 1.87862e+09 
1 3 176.912 366.723 1.8798e+09 1.8798e+09 
1 3 431.87 590.832 1.88315e+09 1.88315e+09 
1 3 278.895 183.362 1.88592e+09 1.88592e+09 
1 3 352.55 230.9 1.89398e+09 1.89398e+09 
1 3 59.3484 373.514 1.90146e+09 1.90146e+09 
1 3 73.5127 185.059 1.90662e+09 1.90662e+09 
1 3 203.824 404.075 1.91367e+09 1.91367e+09 
1 3 94.7592 1073.01 1.92162e+09 1.92162e+09 
1 3 200.992 195.246 1.92214e+09 1.92214e+09 
1 3 307.224 173.175 1.92428e+09 1.92428e+09 
1 3 182.578 521.222 1.92812e+09 1.92812e+09 
1 3 57.932 353.141 1.92895e+09 1.92895e+09 
1 3 219.405 235.993 1.93088e+09 1.93088e+09 
1 3 205.241 181.664 1.9393e+09 1.9393e+09 
1 3 217.989 229.202 1.96983e+09 1.96983e+09 
1 3 188.244 378.608 1.97155e+09 1.97155e+09 
1 3 387.96 514.431 1.97425e+09 1.97425e+09 
1 3 280.312 361.63 1.9767e+09 1.9767e+09 
1 3 172.663 219.015 1.97709e+09 1.97709e+09 
1 3 403.541 256.367 1.97761e+09 1.97761e+09 
1 3 239.235 196.944 1.97994e+09 1.97994e+09 
1 3 484.278 1404.07 1.98866e+09 1.98866e+09 
1 3 412.04 507.64 1.99123e+09 1.99123e+09 
1 3 407.79 595.925 1.99967e+09 1.99967e+09 
1 3 438.952 176.57 2.00304e+09 2.00304e+09 
1 3 191.076 190.153 2.00808e+09 2.00808e+09 
1 3 341.218 227.504 2.01792e+09 2.01792e+09 
1 3 321.388 361.63 2.019e+09 2.019e+09 
1 3 308.64 230.9 2.02129e+09 2.02129e+09 
1 3 307.224 276.74 2.02497e+09 2.02497e+09 
1 3 287.394 514.431 2.02974e+09 2.02974e+09 
1 3 104.674 300.509 2.03071e+09 2.03071e+09 
1 3 199.575 640.068 2.0344e+09 2.0344e+09 
1 3 471.53 181.664 2.0363e+09 2.0363e+09 
1 3 208.074 249.576 2.03787e+09 2.03787e+09 
1 3 118.839 490.662 2.04767e+09 2.04767e+09 
1 3 325.637 365.025 2.05428e+09 2.05428e+09 
1 3 351.133 636.672 2.05681e+09 2.05681e+09 
1 3 380.878 290.323 2.06359e+09 2.06359e+09 
1 3 363.881 157.895 2.06897e+09 2.06897e+09 
1 3 472.946 168.081 2.07148e+09 2.07148e+09 
1 3 185.411 208.829 2.07813e+09 2.07813e+09 
1 3 65.0142 485.569 2.08179e+09 2.08179e+09 
1 3 276.062 385.399 2.08396e+09 2.08396e+09 
1 3 325.637 538.2 2.08666e+09 2.08666e+09 
1 3 291.643 370.119 2.08853e+09 2.08853e+09 
1 3 144.334 668.93 2.10046e+09 2.10046e+09 
1 3 140.085 205.433 2.10392e+09 2.10392e+09 
1 3 171.246 509.338 2.10772e+09 2.10772e+09 
1 3 324.221 188.455 2.11095e+09 2.11095e+09 
1 3 404.958 191.851 2.11201e+09 2.11201e+09 
1 3 317.139 617.997 2.12101e+09 2.12101e+09 
1 3 410.623 393.888 2.1277e+09 2.1277e+09 
1 3 393.626 456.706 2.12878e+09 2.12878e+09 
1 3 342.635 558.574 2.13154e+09 2.13154e+09 
1 3 107.507 242.784 2.13186e+09 2.13186e+09 
1 3 59.3484 188.455 2.13748e+09 2.13748e+09 
1 3 433.286 258.065 2.13749e+09 2.13749e+09 
1 3 154.249 325.976 2.13998e+09 2.13998e+09 
1 3 372.38 213.922 2.14269e+09 2.14269e+09 
1 3 365.297 577.25 2.14654e+09 2.14654e+09 
1 3 91.9263 242.784 2.1466e+09 2.1466e+09 
1 3 53.6827 307.301 -2.14398e+09 -2.14398e+09 
1 3 413.456 237.691 -2.14166e+09 -2.14166e+09 
1 3 192.493 164.686 -2.12926e+09 -2.12926e+09 
1 3 359.632 198.642 -2.1268e+09 -2.1268e+09 
1 3 440.368 455.008 -2.12486e+09 -2.12486e+09 
1 3 478.612 395.586 -2.12297e+09 -2.12297e+09 
1 3 99.0085 320.883 -2.12125e+09 -2.12125e+09 
1 3 429.037 234.295 -2.11358e+09 -2.11358e+09 
1 3 53.6827 641.766 -2.10777e+09 -2.10777e+09 
1 3 268.98 190.153 -2.10147e+09 -2.10147e+09 
1 3 271.813 174.873 -2.10096e+09 -2.10096e+09 
1 3 288.81 529.711 -2.1003e+09 -2.1003e+09 
1 3 283.144 371.817 -2.09974e+09 -2.09974e+09 
1 3 191.076 541.596 -2.08563e+09 -2.08563e+09 
1 3 310.057 531.409 -2.08299e+09 -2.08299e+09 
1 3 189.66 601.019 -2.08266e+09 -2.08266e+09 
1 3 416.289 174.873 -2.07326e+09 -2.07326e+09 
1 3 383.711 387.097 -2.073e+09 -2.073e+09 
1 3 376.629 264.856 -2.07172e+09 -2.07172e+09 
1 3 62.1813 198.642 -2.0702e+09 -2.0702e+09 
1 3 375.212 308.998 -2.06954e+09 -2.06954e+09 
1 3 210.907 368.421 -2.06625e+09 -2.06625e+09 
1 3 278.895 487.267 -2.0605e+09 -2.0605e+09 
1 3 208.074 337.861 -2.04391e+09 -2.04391e+09 
1 3 59.3484 174.873 -2.04288e+09 -2.04288e+09 
1 3 188.244 264.856 -2.04055e+09 -2.04055e+09 
1 3 70.6799 186.757 -2.03368e+09 -2.03368e+09 
1 3 217.989 320.883 -2.03153e+09 -2.03153e+09 
1 3 307.224 268.251 -2.02214e+09 -2.02214e+09 
1 3 267.564 169.779 -2.02183e+09 -2.02183e+09 
1 3 116.006 276.74 -2.0185e+09 -2.0185e+09 
1 3 253.399 497.453 -2.00643e+09 -2.00643e+09 
1 3 125.921 179.966 -2.00633e+09 -2.00633e+09 
1 3 298.725 239.389 -1.99926e+09 -1.99926e+09 
1 3 242.068 607.81 -1.99861e+09 -1.99861e+09 
1 3 140.085 203.735 -1.99459e+09 -1.99459e+09 
1 3 203.824 205.433 -1.99371e+09 -1.99371e+09 
1 3 339.802 426.146 -1.99088e+09 -1.99088e+09 
1 3 93.3428 157.895 -1.98959e+09 -1.98959e+09 
1 3 229.32 342.954 -1.97671e+09 -1.97671e+09 
1 3 121.671 278.438 -1.97139e+09 -1.97139e+09 
1 3 56.5156 195.246 -1.96878e+09 -1.96878e+09 
1 3 66.4306 157.895 -1.96389e+09 -1.96389e+09 
1 3 400.708 191.851 -1.95759e+09 -1.95759e+09 
1 3 100.425 213.922 -1.95573e+09 -1.95573e+09 
1 3 103.258 217.317 -1.95219e+09 -1.95219e+09 
1 3 99.0085 161.29 -1.94734e+09 -1.94734e+09 
1 3 135.836 207.131 -1.94145e+09 -1.94145e+09 
1 3 302.975 482.173 -1.94089e+09 -1.94089e+09 
1 3 199.575 213.922 -1.92863e+09 -1.92863e+09 
1 3 70.6799 370.119 -1.91587e+09 -1.91587e+09 
1 3 250.567 169.779 -1.91414e+09 -1.91414e+09 
1 3 60.7649 219.015 -1.91152e+09 -1.91152e+09 
1 3 482.861 366.723 -1.90284e+09 -1.90284e+09 
1 3 138.669 324.278 -1.90106e+09 -1.90106e+09 
1 3 290.227 152.801 -1.89941e+09 -1.89941e+09 
1 3 199.575 332.767 -1.89425e+09 -1.89425e+09 
1 3 404.958 775.891 -1.8939e+09 -1.8939e+09 
1 3 390.793 220.713 -1.89219e+09 -1.89219e+09 
1 3 227.904 161.29 -1.88239e+09 -1.88239e+09 
1 3 202.408 288.625 -1.88175e+09 -1.88175e+09 
1 3 230.737 183.362 -1.87764e+09 -1.87764e+09 
1 3 53.6827 499.151 -1.87586e+09 -1.87586e+09 
1 3 56.5156 161.29 -1.86235e+09 -1.86235e+09 
1 3 421.955 453.311 -1.86095e+09 -1.86095e+09 
1 3 226.487 390.492 -1.85599e+09 -1.85599e+09 
1 3 436.119 258.065 -1.85221e+09 -1.85221e+09 
1 3 198.159 276.74 -1.848e+09 -1.848e+09 
1 3 70.6799 181.664 -1.84402e+09 -1.84402e+09 
1 3 181.161 280.136 -1.84069e+09 -1.84069e+09 
1 3 311.473 478.778 -1.8368e+09 -1.8368e+09 
1 3 267.564 176.57 -1.83632e+09 -1.83632e+09 
1 3 267.564 378.608 -1.8275e+09 -1.8275e+09 
1 3 168.414 337.861 -1.81956e+09 -1.81956e+09 
1 3 413.456 242.784 -1.81927e+09 -1.81927e+09 
1 3 165.581 222.411 -1.81513e+09 -1.81513e+09 
1 3 99.0085 252.971 -1.8113e+09 -1.8113e+09 
1 3 396.459 550.085 -1.80467e+09 -1.80467e+09 
1 3 67.847 173.175 -1.80241e+09 -1.80241e+09 
1 3 342.635 546.689 -1.79475e+09 -1.79475e+09 
1 3 370.963 205.433 -1.79274e+09 -1.79274e+09 
1 3 349.717 171.477 -1.78478e+09 -1.78478e+09 
1 3 215.156 439.728 -1.78464e+09 -1.78464e+09 
1 3 287.394 324.278 -1.77363e+09 -1.77363e+09 
1 3 181.161 609.508 -1.76915e+09 -1.76915e+09 
1 3 261.898 575.552 -1.76841e+09 -1.76841e+09 
1 3 332.72 263.158 -1.76473e+09 -1.76473e+09 
1 3 410.623 190.153 -1.76109e+09 -1.76109e+09 
1 3 169.83 356.537 -1.76055e+09 -1.76055e+09 
1 3 361.048 171.477 -1.75462e+09 -1.75462e+09 
1 3 410.623 185.059 -1.7543e+09 -1.7543e+09 
1 3 372.38 200.34 -1.75396e+09 -1.75396e+09 
1 3 308.64 191.851 -1.75243e+09 -1.75243e+09 
1 3 458.782 293.718 -1.74994e+09 -1.74994e+09 
1 3 79.1785 460.102 -1.74819e+09 -1.74819e+09 
1 3 174.079 217.317 -1.74481e+09 -1.74481e+09 
1 3 280.312 370.119 -1.73379e+09 -1.73379e+09 
1 3 94.7592 241.087 -1.73054e+09 -1.73054e+09 
1 3 438.952 353.141 -1.72073e+09 -1.72073e+09 
1 3 199.575 261.46 -1.7146e+09 -1.7146e+09 
1 3 250.567 225.806 -1.71074e+09 -1.71074e+09 
1 3 220.822 363.328 -1.70992e+09 -1.70992e+09 
1 3 164.164 572.156 -1.70764e+09 -1.70764e+09 
1 3 385.127 378.608 -1.7058e+09 -1.7058e+09 
1 3 56.5156 169.779 -1.6971e+09 -1.6971e+09 
1 3 424.788 152.801 -1.68357e+09 -1.68357e+09 
1 3 128.754 264.856 -1.65757e+09 -1.65757e+09 
1 3 65.0142 179.966 -1.64559e+09 -1.64559e+09 
1 3 158.499 220.713 -1.6381e+09 -1.6381e+09 
1 3 491.36 268.251 -1.63735e+09 -1.63735e+09 
1 3 365.297 256.367 -1.63395e+09 -1.63395e+09 
1 3 181.161 366.723 -1.62176e+09 -1.62176e+09 
1 3 232.153 332.767 -1.61729e+09 -1.61729e+09 
1 3 66.4306 453.311 -1.61598e+09 -1.61598e+09 
1 3 53.6827 398.981 -1.61353e+09 -1.61353e+09 
1 3 400.708 203.735 -1.61121e+09 -1.61121e+09 
1 3 239.235 193.548 -1.60489e+09 -1.60489e+09 
1 3 227.904 166.384 -1.60164e+09 -1.60164e+09 
1 3 348.3 213.922 -1.59988e+09 -1.59988e+09 
1 3 311.473 220.713 -1.59574e+09 -1.59574e+09 
1 3 250.567 151.104 -1.59237e+09 -1.59237e+09 
1 3 176.912 331.07 -1.59016e+09 -1.59016e+09 
1 3 253.399 539.898 -1.58814e+09 -1.58814e+09 
1 3 94.7592 504.244 -1.58065e+09 -1.58065e+09 
1 3 331.303 361.63 -1.57773e+09 -1.57773e+09 
1 3 431.87 168.081 -1.57164e+09 -1.57164e+09 
1 3 400.708 383.701 -1.57157e+09 -1.57157e+09 
1 3 375.212 183.362 -1.55803e+09 -1.55803e+09 
1 3 322.805 470.289 -1.55137e+09 -1.55137e+09 
1 3 209.49 626.486 -1.5366e+09 -1.5366e+09 
1 3 157.082 441.426 -1.53439e+09 -1.53439e+09 
1 3 83.4278 249.576 -1.52632e+09 -1.52632e+09 
1 3 227.904 230.9 -1.5254e+09 -1.5254e+09 
1 3 176.912 217.317 -1.52516e+09 -1.52516e+09 
1 3 154.249 292.02 -1.52218e+09 -1.52218e+09 
1 3 267.564 292.02 -1.52189e+09 -1.52189e+09 
1 3 62.1813 205.433 -1.51962e+09 -1.51962e+09 
1 3 318.555 196.944 -1.51778e+09 -1.51778e+09 
1 3 284.561 263.158 -1.51003e+09 -1.51003e+09 
1 3 291.643 174.873 -1.5039e+09 -1.5039e+09 
1 3 257.649 578.947 -1.50095e+09 -1.50095e+09 
1 3 74.9292 342.954 -1.50091e+09 -1.50091e+09 
1 3 353.966 1185.06 -1.49469e+09 -1.49469e+09 
1 3 311.473 300.509 -1.49117e+09 -1.49117e+09 
1 3 413.456 196.944 -1.48882e+09 -1.48882e+09 
1 3 336.969 585.739 -1.48115e+09 -1.48115e+09 
1 3 467.28 205.433 -1.47948e+09 -1.47948e+09 
1 3 362.465 568.761 -1.47748e+09 -1.47748e+09 
1 3 176.912 436.333 -1.46714e+09 -1.46714e+09 
1 3 161.331 368.421 -1.45912e+09 -1.45912e+09 
1 3 90.5099 198.642 -1.45826e+09 -1.45826e+09 
1 3 471.53 455.008 -1.45818e+09 -1.45818e+09 
1 3 307.224 477.08 -1.45609e+09 -1.45609e+09 
1 3 302.975 198.642 -1.44061e+09 -1.44061e+09 
1 3 79.1785 217.317 -1.43956e+09 -1.43956e+09 
1 3 151.416 210.526 -1.43342e+09 -1.43342e+09 
1 3 193.909 196.944 -1.42286e+09 -1.42286e+09 
1 3 277.479 665.535 -1.41875e+09 -1.41875e+09 
1 3 261.898 604.414 -1.41762e+09 -1.41762e+09 
1 3 346.884 168.081 -1.40577e+09 -1.40577e+09 
1 3 404.958 544.992 -1.40247e+09 -1.40247e+09 
1 3 216.572 572.156 -1.38731e+09 -1.38731e+09 
1 3 276.062 208.829 -1.37892e+09 -1.37892e+09 
1 3 274.646 427.844 -1.37857e+09 -1.37857e+09 
1 3 236.402 178.268 -1.37175e+09 -1.37175e+09 
1 3 154.249 193.548 -1.36582e+09 -1.36582e+09 
1 3 393.626 606.112 -1.35003e+09 -1.35003e+09 
1 3 76.3456 222.411 -1.34581e+09 -1.34581e+09 
1 3 451.7 244.482 -1.33888e+09 -1.33888e+09 
1 3 417.705 322.581 -1.33816e+09 -1.33816e+09 
1 3 210.907 169.779 -1.33724e+09 -1.33724e+09 
1 3 359.632 585.739 -1.337e+09 -1.337e+09 
1 3 73.5127 157.895 -1.33489e+09 -1.33489e+09 
1 3 60.7649 213.922 -1.33471e+09 -1.33471e+09 
1 3 210.907 193.548 -1.33046e+09 -1.33046e+09 
1 3 90.5099 558.574 -1.32458e+09 -1.32458e+09 
1 3 116.006 511.036 -1.32417e+09 -1.32417e+09 
1 3 117.422 441.426 -1.31793e+09 -1.31793e+09 
1 3 90.5099 539.898 -1.30537e+09 -1.30537e+09 
1 3 70.6799 339.559 -1.30093e+09 -1.30093e+09 
1 3 65.0142 390.492 -1.29695e+09 -1.29695e+09 
1 3 232.153 188.455 -1.2952e+09 -1.2952e+09 
1 3 203.824 185.059 -1.29335e+09 -1.29335e+09 
1 3 436.119 164.686 -1.28023e+09 -1.28023e+09 
1 3 423.371 443.124 -1.27914e+09 -1.27914e+09 
1 3 318.555 151.104 -1.25831e+09 -1.25831e+09 
1 3 97.5921 196.944 -1.25673e+09 -1.25673e+09 
1 3 447.45 190.153 -1.24413e+09 -1.24413e+09 
1 3 358.215 239.389 -1.2428e+09 -1.2428e+09 
1 3 217.989 181.664 -1.23232e+09 -1.23232e+09 
1 3 183.994 232.598 -1.22573e+09 -1.22573e+09 
1 3 446.034 219.015 -1.21248e+09 -1.21248e+09 
1 3 437.535 176.57 -1.20647e+09 -1.20647e+09 
1 3 312.89 341.256 -1.20417e+09 -1.20417e+09 
1 3 225.071 159.593 -1.20097e+09 -1.20097e+09 
1 3 152.833 185.059 -1.19772e+09 -1.19772e+09 
1 3 118.839 195.246 -1.19469e+09 -1.19469e+09 
1 3 314.306 157.895 -1.1941e+09 -1.1941e+09 
1 3 319.972 176.57 -1.19187e+09 -1.19187e+09 
1 3 134.419 412.564 -1.19106e+09 -1.19106e+09 
1 3 266.147 183.362 -1.19026e+09 -1.19026e+09 
1 3 380.878 210.526 -1.18944e+09 -1.18944e+09 
1 3 121.671 353.141 -1.1831e+09 -1.1831e+09 
1 3 168.414 259.762 -1.18007e+09 -1.18007e+09 
1 3 209.49 208.829 -1.17088e+09 -1.17088e+09 
1 3 457.365 319.185 -1.14517e+09 -1.14517e+09 
1 3 125.921 412.564 -1.14454e+09 -1.14454e+09 
1 3 429.037 185.059 -1.1402e+09 -1.1402e+09 
1 3 285.977 348.048 -1.13975e+09 -1.13975e+09 
1 3 89.0935 324.278 -1.1389e+09 -1.1389e+09 
1 3 114.589 151.104 -1.13571e+09 -1.13571e+09 
1 3 482.861 541.596 -1.13113e+09 -1.13113e+09 
1 3 178.329 191.851 -1.1258e+09 -1.1258e+09 
1 3 215.156 285.229 -1.12347e+09 -1.12347e+09 
1 3 227.904 368.421 -1.10634e+09 -1.10634e+09 
1 3 60.7649 196.944 -1.10205e+09 -1.10205e+09 
1 3 447.45 502.547 -1.09947e+09 -1.09947e+09 
1 3 52.2663 361.63 -1.09938e+09 -1.09938e+09 
1 3 77.762 1106.96 -1.08141e+09 -1.08141e+09 
1 3 236.402 173.175 -1.0736e+09 -1.0736e+09 
1 3 168.414 468.591 -1.06457e+09 -1.06457e+09 
1 3 430.453 541.596 -1.06453e+09 -1.06453e+09 
1 3 213.739 281.834 -1.06008e+09 -1.06008e+09 
1 3 454.533 259.762 -1.05165e+09 -1.05165e+09 
1 3 338.385 273.345 -1.03953e+09 -1.03953e+09 
1 3 134.419 234.295 -1.03917e+09 -1.03917e+09 
1 3 84.8442 587.436 -1.03294e+09 -1.03294e+09 
1 3 65.0142 151.104 -1.03129e+09 -1.03129e+09 
1 3 155.666 280.136 -1.02669e+09 -1.02669e+09 
1 3 157.082 679.117 -1.02614e+09 -1.02614e+09 
1 3 378.045 196.944 -1.02282e+09 -1.02282e+09 
1 3 157.082 439.728 -1.01263e+09 -1.01263e+09 
1 3 110.34 151.104 -1.00691e+09 -1.00691e+09 
1 3 263.314 461.8 -1.00423e+09 -1.00423e+09 
1 3 247.734 237.691 -1.00262e+09 -1.00262e+09 
1 3 124.504 594.228 -9.99369e+08 -9.99369e+08 
1 3 302.975 414.261 -9.97314e+08 -9.97314e+08 
1 3 101.841 191.851 -9.92289e+08 -9.92289e+08 
1 3 291.643 471.986 -9.85967e+08 -9.85967e+08 
1 3 159.915 193.548 -9.85349e+08 -9.85349e+08 
1 3 216.572 478.778 -9.76107e+08 -9.76107e+08 
1 3 400.708 572.156 -9.70461e+08 -9.70461e+08 
1 3 355.382 200.34 -9.69288e+08 -9.69288e+08 
1 3 468.697 339.559 -9.69263e+08 -9.69263e+08 
1 3 242.068 220.713 -9.68204e+08 -9.68204e+08 
1 3 179.745 181.664 -9.65399e+08 -9.65399e+08 
1 3 227.904 239.389 -9.63887e+08 -9.63887e+08 
1 3 157.082 208.829 -9.59329e+08 -9.59329e+08 
1 3 480.028 516.129 -9.55752e+08 -9.55752e+08 
1 3 192.493 585.739 -9.5561e+08 -9.5561e+08 
1 3 236.402 207.131 -9.5188e+08 -9.5188e+08 
1 3 390.793 156.197 -9.5136e+08 -9.5136e+08 
1 3 220.822 200.34 -9.50446e+08 -9.50446e+08 
1 3 293.059 297.114 -9.49512e+08 -9.49512e+08 
1 3 393.626 487.267 -9.47028e+08 -9.47028e+08 
1 3 420.538 397.284 -9.46972e+08 -9.46972e+08 
1 3 390.793 198.642 -9.46775e+08 -9.46775e+08 
1 3 414.873 438.031 -9.4673e+08 -9.4673e+08 
1 3 195.326 490.662 -9.4074e+08 -9.4074e+08 
1 3 257.649 261.46 -9.37904e+08 -9.37904e+08 
1 3 73.5127 251.273 -9.31586e+08 -9.31586e+08 
1 3 413.456 650.255 -9.26645e+08 -9.26645e+08 
1 3 356.799 271.647 -9.13383e+08 -9.13383e+08 
1 3 276.062 161.29 -9.06939e+08 -9.06939e+08 
1 3 57.932 185.059 -8.90799e+08 -8.90799e+08 
1 3 82.0113 331.07 -8.87822e+08 -8.87822e+08 
1 3 484.278 222.411 -8.82714e+08 -8.82714e+08 
1 3 124.504 297.114 -8.79219e+08 -8.79219e+08 
1 3 93.3428 235.993 -8.7828e+08 -8.7828e+08 
1 3 220.822 256.367 -8.77373e+08 -8.77373e+08 
1 3 260.482 205.433 -8.7205e+08 -8.7205e+08 
1 3 111.756 497.453 -8.63535e+08 -8.63535e+08 
1 3 222.238 619.694 -8.62609e+08 -8.62609e+08 
1 3 216.572 195.246 -8.54953e+08 -8.54953e+08 
1 3 210.907 196.944 -8.50639e+08 -8.50639e+08 
1 3 335.552 207.131 -8.50396e+08 -8.50396e+08 
1 3 212.323 198.642 -8.45341e+08 -8.45341e+08 
1 3 420.538 314.092 -8.4526e+08 -8.4526e+08 
1 3 50.8499 168.081 -8.44619e+08 -8.44619e+08 
1 3 79.1785 283.531 -8.41747e+08 -8.41747e+08 
1 3 70.6799 263.158 -8.33078e+08 -8.33078e+08 
1 3 145.751 202.037 -8.21642e+08 -8.21642e+08 
1 3 166.997 320.883 -8.14973e+08 -8.14973e+08 
1 3 67.847 994.907 -8.13961e+08 -8.13961e+08 
1 3 140.085 251.273 -8.136e+08 -8.136e+08 
1 3 419.122 196.944 -8.13121e+08 -8.13121e+08 
1 3 116.006 585.739 -8.1257e+08 -8.1257e+08 
1 3 373.796 258.065 -8.11756e+08 -8.11756e+08 
1 3 142.918 404.075 -8.07265e+08 -8.07265e+08 
1 3 331.303 196.944 -8.03905e+08 -8.03905e+08 
1 3 327.054 1212.22 -8.02108e+08 -8.02108e+08 
1 3 205.241 395.586 -7.88951e+08 -7.88951e+08 
1 3 278.895 1443.12 -7.76698e+08 -7.76698e+08 
1 3 308.64 611.205 -7.68237e+08 -7.68237e+08 
1 3 397.875 488.964 -7.67965e+08 -7.67965e+08 
1 3 82.0113 264.856 -7.67294e+08 -7.67294e+08 
1 3 49.4334 331.07 -7.60123e+08 -7.60123e+08 
1 3 283.144 220.713 -7.57315e+08 -7.57315e+08 
1 3 276.062 298.812 -7.54794e+08 -7.54794e+08 
1 3 346.884 168.081 -7.48225e+08 -7.48225e+08 
1 3 397.875 205.433 -7.45665e+08 -7.45665e+08 
1 3 116.006 213.922 -7.44668e+08 -7.44668e+08 
1 3 407.79 178.268 -7.39609e+08 -7.39609e+08 
1 3 410.623 242.784 -7.24193e+08 -7.24193e+08 
1 3 72.0963 179.966 -7.22503e+08 -7.22503e+08 
1 3 138.669 269.949 -7.17717e+08 -7.17717e+08 
1 3 145.751 319.185 -7.17156e+08 -7.17156e+08 
1 3 57.932 190.153 -7.16702e+08 -7.16702e+08 
1 3 300.142 315.789 -7.0952e+08 -7.0952e+08 
1 3 202.408 385.399 -7.08428e+08 -7.08428e+08 
1 3 165.581 151.104 -6.95415e+08 -6.95415e+08 
1 3 56.5156 195.246 -6.9368e+08 -6.9368e+08 
1 3 319.972 164.686 -6.86318e+08 -6.86318e+08 
1 3 253.399 171.477 -6.82299e+08 -6.82299e+08 
1 3 244.901 375.212 -6.80634e+08 -6.80634e+08 
1 3 120.255 382.003 -6.79217e+08 -6.79217e+08 
1 3 120.255 208.829 -6.75103e+08 -6.75103e+08 
1 3 166.997 512.733 -6.73275e+08 -6.73275e+08 
1 3 319.972 273.345 -6.69168e+08 -6.69168e+08 
1 3 114.589 415.959 -6.66666e+08 -6.66666e+08 
1 3 82.0113 252.971 -6.62677e+08 -6.62677e+08 
1 3 100.425 443.124 -6.61606e+08 -6.61606e+08 
1 3 191.076 154.499 -6.46352e+08 -6.46352e+08 
1 3 352.55 219.015 -6.42428e+08 -6.42428e+08 
1 3 261.898 195.246 -6.41351e+08 -6.41351e+08 
1 3 380.878 295.416 -6.35934e+08 -6.35934e+08 
1 3 222.238 185.059 -6.35221e+08 -6.35221e+08 
1 3 263.314 592.53 -6.34177e+08 -6.34177e+08 
1 3 205.241 670.628 -6.33708e+08 -6.33708e+08 
1 3 402.125 354.839 -6.2525e+08 -6.2525e+08 
1 3 76.3456 230.9 -6.24508e+08 -6.24508e+08 
1 3 361.048 808.149 -6.23182e+08 -6.23182e+08 
1 3 134.419 159.593 -6.22073e+08 -6.22073e+08 
1 3 111.756 339.559 -6.19986e+08 -6.19986e+08 
1 3 232.153 402.377 -6.16628e+08 -6.16628e+08 
1 3 145.751 597.623 -6.14807e+08 -6.14807e+08 
1 3 82.0113 363.328 -6.13785e+08 -6.13785e+08 
1 3 205.241 156.197 -6.09971e+08 -6.09971e+08 
1 3 138.669 195.246 -6.05174e+08 -6.05174e+08 
1 3 130.17 441.426 -6.0363e+08 -6.0363e+08 
1 3 131.586 151.104 -5.9962e+08 -5.9962e+08 
1 3 246.317 154.499 -5.98736e+08 -5.98736e+08 
1 3 273.229 173.175 -5.95662e+08 -5.95662e+08 
1 3 325.637 371.817 -5.95641e+08 -5.95641e+08 
1 3 421.955 331.07 -5.89511e+08 -5.89511e+08 
1 3 257.649 237.691 -5.84469e+08 -5.84469e+08 
1 3 217.989 159.593 -5.75821e+08 -5.75821e+08 
1 3 140.085 220.713 -5.686e+08 -5.686e+08 
1 3 65.0142 441.426 -5.68456e+08 -5.68456e+08 
1 3 321.388 560.272 -5.5934e+08 -5.5934e+08 
1 3 310.057 512.733 -5.42207e+08 -5.42207e+08 
1 3 431.87 269.949 -5.34284e+08 -5.34284e+08 
1 3 202.408 310.696 -5.33016e+08 -5.33016e+08 
1 3 355.382 339.559 -5.30095e+08 -5.30095e+08 
1 3 99.0085 179.966 -5.24596e+08 -5.24596e+08 
1 3 100.425 195.246 -5.20763e+08 -5.20763e+08 
1 3 266.147 276.74 -5.2035e+08 -5.2035e+08 
1 3 52.2663 258.065 -5.14795e+08 -5.14795e+08 
1 3 215.156 512.733 -5.13484e+08 -5.13484e+08 
1 3 217.989 455.008 -5.10744e+08 -5.10744e+08 
1 3 188.244 203.735 -5.06715e+08 -5.06715e+08 
1 3 475.779 154.499 -5.02897e+08 -5.02897e+08 
1 3 300.142 361.63 -5.0224e+08 -5.0224e+08 
1 3 317.139 237.691 -5.01646e+08 -5.01646e+08 
1 3 321.388 166.384 -4.91365e+08 -4.91365e+08 
1 3 234.986 168.081 -4.87496e+08 -4.87496e+08 
1 3 67.847 1030.56 -4.86796e+08 -4.86796e+08 
1 3 273.229 324.278 -4.82708e+08 -4.82708e+08 
1 3 264.731 276.74 -4.79483e+08 -4.79483e+08 
1 3 352.55 171.477 -4.76947e+08 -4.76947e+08 
1 3 227.904 227.504 -4.7501e+08 -4.7501e+08 
1 3 113.173 185.059 -4.72313e+08 -4.72313e+08 
1 3 131.586 273.345 -4.69255e+08 -4.69255e+08 
1 3 96.1756 266.553 -4.68801e+08 -4.68801e+08 
1 3 188.244 156.197 -4.6763e+08 -4.6763e+08 
1 3 123.088 213.922 -4.65221e+08 -4.65221e+08 
1 3 56.5156 186.757 -4.51833e+08 -4.51833e+08 
1 3 108.924 273.345 -4.48477e+08 -4.48477e+08 
1 3 86.2606 332.767 -4.36837e+08 -4.36837e+08 
1 3 257.649 162.988 -4.35191e+08 -4.35191e+08 
1 3 361.048 220.713 -4.31435e+08 -4.31435e+08 
1 3 423.371 614.601 -4.24238e+08 -4.24238e+08 
1 3 181.161 251.273 -4.15685e+08 -4.15685e+08 
1 3 108.924 533.107 -4.15116e+08 -4.15116e+08 
1 3 198.159 159.593 -4.12886e+08 -4.12886e+08 
1 3 55.0992 327.674 -4.11445e+08 -4.11445e+08 
1 3 145.751 205.433 -4.01318e+08 -4.01318e+08 
1 3 186.827 152.801 -3.89756e+08 -3.89756e+08 
1 3 176.912 378.608 -3.89352e+08 -3.89352e+08 
1 3 158.499 244.482 -3.84543e+08 -3.84543e+08 
1 3 200.992 398.981 -3.83521e+08 -3.83521e+08 
1 3 209.49 541.596 -3.77835e+08 -3.77835e+08 
1 3 89.0935 320.883 -3.7775e+08 -3.7775e+08 
1 3 90.5099 269.949 -3.77694e+08 -3.77694e+08 
1 3 302.975 220.713 -3.73823e+08 -3.73823e+08 
1 3 108.924 546.689 -3.71533e+08 -3.71533e+08 
1 3 168.414 266.553 -3.6336e+08 -3.6336e+08 
1 3 424.788 202.037 -3.51269e+08 -3.51269e+08 
1 3 353.966 191.851 -3.47279e+08 -3.47279e+08 
1 3 79.1785 419.355 -3.46093e+08 -3.46093e+08 
1 3 151.416 356.537 -3.39862e+08 -3.39862e+08 
1 3 60.7649 271.647 -3.38978e+08 -3.38978e+08 
1 3 319.972 208.829 -3.33082e+08 -3.33082e+08 
1 3 168.414 426.146 -3.25858e+08 -3.25858e+08 
1 3 232.153 190.153 -3.25154e+08 -3.25154e+08 
1 3 116.006 252.971 -3.25079e+08 -3.25079e+08 
1 3 200.992 524.618 -3.178e+08 -3.178e+08 
1 3 423.371 310.696 -3.1737e+08 -3.1737e+08 
1 3 419.122 244.482 -3.16544e+08 -3.16544e+08 
1 3 284.561 235.993 -2.97776e+08 -2.97776e+08 
1 3 141.501 387.097 -2.88165e+08 -2.88165e+08 
1 3 53.6827 195.246 -2.86909e+08 -2.86909e+08 
1 3 178.329 196.944 -2.83588e+08 -2.83588e+08 
1 3 234.986 162.988 -2.77697e+08 -2.77697e+08 
1 3 465.864 346.35 -2.73599e+08 -2.73599e+08 
1 3 104.674 387.097 -2.73548e+08 -2.73548e+08 
1 3 250.567 195.246 -2.5689e+08 -2.5689e+08 
1 3 200.992 641.766 -2.56182e+08 -2.56182e+08 
1 3 63.5977 162.988 -2.54394e+08 -2.54394e+08 
1 3 278.895 453.311 -2.49722e+08 -2.49722e+08 
1 3 276.062 174.873 -2.49502e+08 -2.49502e+08 
1 3 305.807 178.268 -2.46738e+08 -2.46738e+08 
1 3 436.119 193.548 -2.45516e+08 -2.45516e+08 
1 3 158.499 246.18 -2.43473e+08 -2.43473e+08 
1 3 273.229 202.037 -2.40127e+08 -2.40127e+08 
1 3 356.799 419.355 -2.30055e+08 -2.30055e+08 
1 3 125.921 251.273 -2.29977e+08 -2.29977e+08 
1 3 134.419 337.861 -2.26126e+08 -2.26126e+08 
1 3 244.901 183.362 -2.15112e+08 -2.15112e+08 
1 3 62.1813 171.477 -2.03248e+08 -2.03248e+08 
1 3 484.278 161.29 -1.99218e+08 -1.99218e+08 
1 3 135.836 173.175 -1.97784e+08 -1.97784e+08 
1 3 52.2663 227.504 -1.96439e+08 -1.96439e+08 
1 3 179.745 461.8 -1.94354e+08 -1.94354e+08 
1 3 441.785 514.431 -1.93271e+08 -1.93271e+08 
1 3 209.49 655.348 -1.91507e+08 -1.91507e+08 
1 3 216.572 162.988 -1.91328e+08 -1.91328e+08 
1 3 55.0992 183.362 -1.89279e+08 -1.89279e+08 
1 3 200.992 195.246 -1.85285e+08 -1.85285e+08 
1 3 56.5156 190.153 -1.75965e+08 -1.75965e+08 
1 3 60.7649 346.35 -1.64711e+08 -1.64711e+08 
1 3 370.963 169.779 -1.63552e+08 -1.63552e+08 
1 3 285.977 465.195 -1.62784e+08 -1.62784e+08 
1 3 113.173 176.57 -1.56972e+08 -1.56972e+08 
1 3 480.028 589.134 -1.53279e+08 -1.53279e+08 
1 3 261.898 300.509 -1.45217e+08 -1.45217e+08 
1 3 233.569 156.197 -1.40326e+08 -1.40326e+08 
1 3 87.6771 502.547 -1.35594e+08 -1.35594e+08 
1 3 181.161 181.664 -1.22071e+08 -1.22071e+08 
1 3 66.4306 283.531 -1.11063e+08 -1.11063e+08 
1 3 125.921 1388.79 -1.03808e+08 -1.03808e+08 
1 3 171.246 421.053 -8.48993e+07 -8.48993e+07 
1 3 83.4278 169.779 -7.86908e+07 -7.86908e+07 
1 3 454.533 196.944 -7.57351e+07 -7.57351e+07 
1 3 362.465 169.779 -7.49625e+07 -7.49625e+07 
1 3 270.397 191.851 -7.40281e+07 -7.40281e+07 
1 3 108.924 514.431 -7.17024e+07 -7.17024e+07 
1 3 121.671 188.455 -6.69951e+07 -6.69951e+07 
1 3 140.085 497.453 -6.13292e+07 -6.13292e+07 
1 3 110.34 220.713 -6.02713e+07 -6.02713e+07 
1 3 60.7649 176.57 -4.98099e+07 -4.98099e+07 
1 3 174.079 546.689 -4.69681e+07 -4.69681e+07 
1 3 251.983 171.477 -4.6045e+07 -4.6045e+07 
1 3 291.643 278.438 -3.76562e+07 -3.76562e+07 
1 3 137.252 592.53 -3.43567e+07 -3.43567e+07 
1 3 271.813 210.526 -3.23219e+07 -3.23219e+07 
1 3 171.246 162.988 -2.17273e+07 -2.17273e+07 
1 3 137.252 933.786 -1.15729e+07 -1.15729e+07 
1 4 179.745 699.302 2.72166e+07 2.72166e+07 
1 4 151.416 196.977 6.4682e+07 6.4682e+07 
1 4 60.7649 255.116 1.5398e+08 1.5398e+08 
1 4 131.586 180.698 2.55427e+08 2.55427e+08 
1 4 317.139 203.953 2.72853e+08 2.72853e+08 
1 4 237.819 566.744 2.95789e+08 2.95789e+08 
1 4 344.051 245.814 2.97755e+08 2.97755e+08 
1 4 59.3484 324.884 3.40032e+08 3.40032e+08 
1 4 304.391 610.93 3.69825e+08 3.69825e+08 
1 4 404.958 180.698 3.76103e+08 3.76103e+08 
1 4 133.003 490 4.49479e+08 4.49479e+08 
1 4 62.1813 399.302 4.75425e+08 4.75425e+08 
1 4 276.062 150.465 5.41206e+08 5.41206e+08 
1 4 52.2663 690 6.41795e+08 6.41795e+08 
1 4 259.065 531.86 6.73597e+08 6.73597e+08 
1 4 169.83 1469.07 7.48972e+08 7.48972e+08 
1 4 76.3456 187.674 7.58798e+08 7.58798e+08 
1 4 55.0992 294.651 9.06504e+08 9.06504e+08 
1 4 216.572 192.326 9.08754e+08 9.08754e+08 
1 4 315.722 359.767 9.97517e+08 9.97517e+08 
1 4 89.0935 164.419 1.06245e+09 1.06245e+09 
1 4 176.912 531.86 1.0681e+09 1.0681e+09 
1 4 447.45 159.767 1.11754e+09 1.11754e+09 
1 4 451.7 257.442 1.37226e+09 1.37226e+09 
1 4 353.966 629.535 1.43266e+09 1.43266e+09 
1 4 410.623 229.535 1.45415e+09 1.45415e+09 
1 4 325.637 236.512 1.52025e+09 1.52025e+09 
1 4 215.156 1494.65 1.56461e+09 1.56461e+09 
1 4 185.411 201.628 1.60259e+09 1.60259e+09 
1 4 485.694 276.047 1.77417e+09 1.77417e+09 
1 4 158.499 217.907 1.86484e+09 1.86484e+09 
1 4 480.028 227.209 1.89326e+09 1.89326e+09 
1 4 63.5977 417.907 1.98302e+09 1.98302e+09 
1 4 96.1756 503.953 2.10787e+09 2.10787e+09 
1 4 188.244 357.442 2.13583e+09 2.13583e+09 
1 4 77.762 369.07 -2.13414e+09 -2.13414e+09 
1 4 429.037 359.767 -2.07204e+09 -2.07204e+09 
1 4 310.057 171.395 -2.07027e+09 -2.07027e+09 
1 4 176.912 190 -2.00508e+09 -2.00508e+09 
1 4 280.312 348.14 -1.94105e+09 -1.94105e+09 
1 4 157.082 264.419 -1.92467e+09 -1.92467e+09 
1 4 375.212 245.814 -1.91025e+09 -1.91025e+09 
1 4 138.669 150.465 -1.8896e+09 -1.8896e+09 
1 4 440.368 599.302 -1.84134e+09 -1.84134e+09 
1 4 358.215 169.07 -1.7773e+09 -1.7773e+09 
1 4 120.255 187.674 -1.74174e+09 -1.74174e+09 
1 4 172.663 352.791 -1.30834e+09 -1.30834e+09 
1 4 114.589 194.651 -1.11305e+09 -1.11305e+09 
1 4 465.864 385.349 -1.02364e+09 -1.02364e+09 
1 4 239.235 478.372 -9.76706e+08 -9.76706e+08 
1 4 250.567 520.233 -9.1708e+08 -9.1708e+08 
1 4 244.901 408.605 -8.89513e+08 -8.89513e+08 
1 4 166.997 262.093 -8.63767e+08 -8.63767e+08 
1 4 220.822 431.86 -8.59188e+08 -8.59188e+08 
1 4 111.756 343.488 -7.01671e+08 -7.01671e+08 
1 4 267.564 152.791 -5.92862e+08 -5.92862e+08 
1 4 150 203.953 -5.63907e+08 -5.63907e+08 
1 4 368.13 629.535 -4.39882e+08 -4.39882e+08 
1 4 441.785 420.233 -3.79641e+08 -3.79641e+08 
1 4 230.737 1180.7 -3.56621e+08 -3.56621e+08 
1 4 226.487 266.744 -2.20999e+08 -2.20999e+08 
1 4 328.47 227.209 -1.99518e+08 -1.99518e+08 
1 4 451.7 427.209 -1.032e+08 -1.032e+08 
1 4 382.295 215.581 -6.95006e+07 -6.95006e+07 
1 4 166.997 203.953 -4.35326e+07 -4.35326e+07 
1 4 195.326 169.07 -1.31731e+06 -1.31731e+06 
2 3 452.964 251.273 1.21612e+08 1.21612e+08 
2 3 421.866 219.015 1.57155e+08 1.57155e+08 
2 3 94.3635 176.57 5.29016e+08 5.29016e+08 
2 3 82.7017 196.944 6.45392e+08 6.45392e+08 
2 3 53.5471 188.455 -1.22341e+09 -1.22341e+09 
2 3 109.913 280.136 -6.21936e+08 -6.21936e+08 
2 4 16.6181 548.14 7.09513e+08 7.09513e+08 
2 4 201.263 362.093 1.12917e+09 1.12917e+09 
2 4 176.968 185.349 1.50488e+09 1.50488e+09 
2 4 330.515 331.86 1.8195e+09 1.8195e+09 
2 4 433.528 331.86 -1.33676e+09 -1.33676e+09 
2 4 218.756 290 -1.97116e+08 -1.97116e+08 
