18/01/2018
2 NaI detectors back-to-back
44Ti
HEADER0:1025
HEADER1:1792
HEADER2:513
HEADER3:32772
1142003 247 
1418788 241 
1789927 259 
3417549 250 
4233045 230 
5832613 242 
5919135 238 
6863795 621 
6871160 248 
6928181 236 
6932417 254 
8192962 240 
8210167 132 
8652797 242 
9479853 246 
9542763 245 
9593807 256 
10764618 549 
10834856 257 
10993950 238 
12162049 157 
15014438 253 
15128928 247 
17420077 233 
17624447 250 
17952469 537 
18237018 237 
18520894 134 
20135384 242 
20625276 250 
20783971 244 
20996789 250 
21290949 227 
22681075 243 
22689505 206 
23582521 238 
23773241 116 
24583575 310 
25335243 249 
25438427 322 
25616828 199 
26468605 244 
28952496 259 
28962928 131 
29907886 256 
30064781 235 
31009143 622 
31079985 350 
33144980 237 
33762410 288 
33905847 545 
36293182 149 
36364992 248 
37708985 242 
37739560 245 
38606159 246 
39020687 236 
39413584 787 
39517377 246 
39833910 245 
41404755 259 
41496199 238 
42526949 254 
43136694 262 
44675798 246 
45473559 619 
45656242 144 
46111316 249 
46651896 249 
47193031 235 
47931450 161 
48163448 255 
49357460 246 
50011657 245 
51365570 242 
52796222 398 
53322199 246 
54401402 245 
54858022 250 
55689176 174 
56463695 244 
57094239 241 
59849657 244 
60095070 241 
61514128 247 
61557077 243 
61629727 235 
62034186 138 
63760143 171 
64113660 248 
66669745 246 
66825663 241 
67909664 234 
69751420 245 
71545581 246 
72192905 255 
74440748 247 
74569468 248 
74986707 260 
75432094 251 
76500518 155 
76626430 248 
76689790 255 
77483720 241 
77492356 249 
77880290 255 
78540874 248 
79645214 241 
80256431 143 
80702034 660 
81501063 238 
82192427 231 
83660485 117 
83850233 162 
84770482 145 
85049634 246 
85762734 238 
86417858 229 
86425756 252 
86670915 251 
87033260 765 
87160715 252 
87576344 130 
88361173 270 
88538611 168 
88671638 241 
90540821 251 
90895598 254 
91342120 253 
91600219 238 
92596943 242 
93151957 254 
93666030 248 
93702404 243 
93955296 239 
94689128 172 
94996631 252 
95787797 246 
96262459 242 
96798336 350 
97133990 248 
98489450 234 
100105050 117 
100766961 251 
100970722 651 
102335040 126 
102825129 145 
104107520 253 
105871392 245 
106566031 252 
106795627 157 
107811340 231 
108314453 148 
109870593 245 
110494726 155 
111418148 237 
111431641 240 
113797561 315 
116057833 216 
116490361 132 
116684283 246 
117159580 245 
117287857 536 
117565148 234 
117753566 149 
118011641 237 
120727149 235 
120939367 250 
121316534 261 
121381884 155 
122028001 237 
125034876 245 
125391131 241 
125473519 258 
125988694 141 
126448928 247 
127124266 250 
127329992 530 
129711760 247 
130975097 159 
132413927 242 
133752035 249 
133761846 246 
133811266 239 
135360384 260 
136208324 241 
137339120 249 
137802095 239 
138433349 231 
139647399 137 
141212347 233 
141951138 240 
142133474 257 
142648097 250 
143794372 254 
144152682 217 
144275605 246 
144283279 228 
144917336 254 
146326577 244 
147946484 154 
147988652 155 
148019299 537 
148551878 155 
149822005 133 
150061408 139 
150247757 251 
151003476 138 
151080184 243 
152846019 250 
154339545 280 
155508949 142 
156163678 237 
156709230 239 
158203092 235 
158294332 250 
159304572 251 
159956613 236 
160133292 238 
162326748 231 
163392369 233 
163515735 248 
163915043 246 
164494258 194 
164536146 241 
165115612 265 
165792001 150 
166479280 140 
166822349 252 
167808607 239 
169153640 246 
169930890 250 
171405593 241 
172502894 155 
173228924 534 
173508625 171 
175526206 245 
176346189 249 
177255520 772 
178011751 131 
178804120 140 
178971418 252 
180543736 235 
180647756 249 
180864765 242 
181726057 250 
182146248 158 
182208145 392 
182427117 239 
183420795 234 
183667381 241 
184238643 238 
184996548 138 
187754333 254 
188812954 245 
189160962 246 
189733138 246 
189892184 254 
190389489 255 
191073625 137 
193151277 351 
193173061 247 
193212061 164 
193309296 249 
193440032 243 
193836694 232 
194176265 242 
195174677 154 
195960961 255 
197406060 250 
198903734 146 
199339522 256 
200438595 251 
200445014 370 
200447788 167 
200887125 236 
201529536 235 
202194739 233 
202756022 250 
202847189 244 
203231528 235 
204970305 250 
205079026 421 
205284116 226 
205995140 158 
206323328 259 
206473711 244 
207041330 264 
207575294 256 
208082378 189 
208468478 246 
209536844 352 
210093954 235 
210769069 249 
212376936 241 
213224990 142 
213457816 148 
213903216 254 
216246327 244 
216577157 244 
217012978 248 
217152035 171 
218758388 149 
220390802 249 
221509431 242 
221796881 239 
222472119 249 
223719490 393 
225614683 243 
225740704 244 
226977589 257 
227242803 253 
228073856 240 
228449755 447 
229125518 240 
229501759 261 
229960520 262 
231877961 252 
231922829 244 
233711275 250 
233799613 251 
234185123 247 
235077234 256 
235194802 238 
236957947 249 
237929498 234 
238136019 253 
238148085 262 
238339643 613 
238532445 167 
239607931 231 
240041433 249 
241398370 346 
243061024 127 
243669436 231 
243680184 170 
243913848 244 
244175424 156 
244929402 242 
245556992 249 
245587693 243 
246278290 239 
246405802 249 
248887887 248 
248904935 244 
249661809 249 
249823754 249 
250304055 237 
250494206 0 
250859573 257 
251070499 241 
251498316 254 
251710698 245 
251812062 231 
252936419 128 
253009262 244 
253448419 228 
253871079 249 
254478377 243 
256619427 310 
256920775 137 
258406664 248 
258913460 242 
258914953 507 
259498508 599 
261348955 133 
261673129 137 
262191372 239 
262217459 238 
262576751 250 
262686296 263 
263550439 238 
263808174 143 
263976871 251 
264051512 247 
265289786 254 
265509472 141 
265817857 243 
267595123 249 
268982321 243 
269510361 123 
274431988 239 
277019838 249 
277767103 151 
277841595 249 
278644099 311 
278709503 245 
279747755 242 
279786242 263 
279938233 242 
280199787 245 
280836919 233 
281217762 240 
282148663 236 
283762482 243 
283929522 238 
284007649 404 
284259068 253 
284681967 242 
284700759 166 
284905849 248 
285255241 252 
286418924 241 
286540416 244 
286737546 240 
287616062 246 
287710986 765 
287849989 559 
288002351 240 
288085934 240 
288611309 249 
288740577 244 
289312916 244 
289708371 249 
289854220 162 
290037758 241 
290748895 238 
291678196 243 
292189343 207 
292819872 292 
293547168 248 
294298720 254 
294603353 149 
294661235 155 
295200661 231 
295491583 240 
295574759 236 
295653039 122 
296145477 234 
298226404 233 
298303956 252 
298621174 326 
299668031 235 
302321270 247 
304707029 244 
305643921 246 
305880026 246 
306051575 247 
306367127 240 
306730245 160 
307924613 151 
308037760 250 
309794834 253 
310149878 244 
310362492 246 
311166077 251 
312077995 266 
312189360 246 
313650110 248 
314338111 252 
314696949 248 
315162066 261 
315343797 133 
315627417 249 
317176551 247 
317344701 246 
317596692 243 
318351396 248 
319964263 239 
321915140 133 
322297837 247 
323252679 244 
324426425 253 
324817377 234 
327442574 233 
327568639 291 
328058135 247 
331157243 252 
331560033 148 
331664827 163 
332165460 191 
333899530 243 
334167750 246 
334357796 123 
334962853 245 
335071759 142 
335442093 251 
337584611 245 
339021628 539 
339440736 246 
341750453 238 
342382187 250 
342499526 126 
342616241 249 
342948125 247 
344245379 258 
345500073 240 
345953458 249 
346394491 244 
346948511 251 
348867565 239 
348972070 139 
350118909 248 
350555406 237 
351418693 253 
351848669 241 
353391728 252 
354241741 250 
355222900 244 
355261966 156 
356440632 242 
356779679 233 
356878084 146 
357526574 159 
357901772 244 
357999149 244 
359270980 158 
359643514 427 
360301585 245 
360930598 254 
361583613 298 
361821045 251 
362513946 241 
363877609 243 
364719549 243 
365114969 211 
365694904 240 
366033965 261 
366118443 257 
366222650 253 
366657308 234 
366911161 232 
367004489 243 
367382582 253 
367966431 252 
368019289 257 
368957230 188 
370146559 242 
370167415 249 
370191194 324 
371184591 154 
371498552 162 
372426926 260 
373352320 559 
373737290 232 
373845211 237 
376889251 236 
377233287 257 
377513611 239 
377650324 406 
378443341 249 
378717344 243 
379340000 243 
379390795 243 
380044172 246 
380348206 130 
380578640 169 
380586153 247 
380595364 164 
381479363 244 
383199967 246 
384474575 248 
384540980 253 
385531359 136 
386269631 250 
386639939 270 
386683585 255 
387796612 258 
388882789 246 
390037601 253 
390400653 249 
391198331 249 
391910226 256 
392003263 152 
392171793 228 
392278971 238 
392516695 389 
393015856 244 
394110284 239 
394244850 148 
394249072 239 
394573682 242 
394899955 244 
396118837 142 
396711114 134 
398423367 153 
399531986 234 
400535449 255 
400869336 252 
402288106 236 
403593399 253 
404120745 232 
404863543 244 
404882673 256 
405026989 408 
405874595 245 
407013357 628 
407163129 248 
407478414 244 
409370447 241 
409587489 245 
412254378 254 
413516387 254 
416076041 249 
416162330 253 
416345826 252 
416460419 242 
416601781 245 
416740516 255 
417056715 244 
417288940 237 
417662601 338 
418023048 251 
418087650 667 
418392563 256 
421628029 243 
421737969 540 
422616266 252 
425977181 137 
427434240 246 
427463288 234 
427480472 245 
427575056 319 
427900358 243 
428418267 241 
428527748 126 
429275546 246 
429654145 236 
430694701 177 
430722188 208 
431671878 159 
432474273 239 
432768444 149 
433183352 235 
433300787 243 
433463910 241 
433601648 156 
433656771 236 
435449786 133 
436200276 249 
436688021 244 
437812613 241 
437881064 245 
438263163 235 
440009034 246 
440115691 240 
440338658 261 
441012155 367 
441085845 235 
441630025 256 
441907686 154 
442098254 253 
442717500 152 
443787309 236 
444175280 250 
444644482 258 
447457492 238 
447501023 239 
447610721 243 
449020432 236 
449197985 119 
450794967 237 
452481406 242 
453583598 246 
456000199 127 
456484100 245 
460537678 369 
460685545 240 
462196102 232 
462228562 150 
463249113 245 
463653468 123 
464302327 244 
465663413 255 
466331193 243 
466673498 235 
467169576 150 
468459277 243 
468757072 236 
468951527 233 
469241426 538 
469601284 248 
470805080 462 
472434308 243 
472728610 252 
472787715 137 
473109055 253 
473516644 241 
474716000 643 
474992614 241 
475341443 249 
476349767 250 
479387737 261 
479482970 241 
480099011 229 
480695122 252 
480900311 252 
482438805 246 
484653801 236 
484907817 158 
485696005 235 
486504822 145 
487489224 237 
487511247 151 
488213093 254 
488520516 258 
488583000 343 
488779224 235 
488793108 258 
489163743 235 
489534266 240 
490608474 253 
493282139 235 
493722085 241 
494076067 247 
494142149 234 
494823066 134 
495634735 169 
495670430 534 
495866156 240 
496021067 246 
496269006 244 
496562198 250 
498650716 250 
499120353 145 
502425616 279 
502616106 175 
505352315 248 
505409475 251 
505439019 246 
505713710 238 
507862164 253 
508026142 248 
509436835 255 
511134324 241 
511648808 247 
511815215 702 
511816180 233 
512027874 242 
513320279 256 
513713791 231 
514196070 249 
515765335 144 
515840157 292 
515919620 240 
516962115 249 
518138787 164 
519537803 248 
519704012 253 
520106960 251 
520276645 249 
521125507 231 
522233030 124 
522658682 248 
526375826 254 
526736904 233 
528776069 256 
529102529 189 
530063590 245 
530068189 249 
530932547 230 
531324075 249 
532084980 394 
533362611 254 
534026240 165 
534368902 236 
535109466 239 
535159354 640 
535276339 648 
535521457 261 
536441489 143 
536787478 363 
536919620 130 
537413358 246 
537657916 250 
537841095 244 
538609897 254 
540102312 239 
540182957 242 
540564647 256 
541027386 234 
542574147 250 
543073490 155 
543113813 242 
543198002 156 
544078883 244 
544546529 124 
545835040 235 
545885701 248 
547000068 252 
547165492 238 
547685122 231 
547744295 247 
547894313 161 
548524722 244 
549346466 251 
550600830 252 
551318557 248 
551625109 245 
552658911 779 
553761520 144 
554507117 237 
554846724 222 
555011438 528 
556658111 239 
557533624 250 
557996475 365 
558455054 243 
558686595 232 
559794224 237 
559796813 246 
559986019 240 
560238012 139 
560819070 228 
561791317 205 
562390018 247 
562592246 126 
564725566 159 
565734896 241 
566195914 244 
566252513 212 
567338084 247 
567504518 243 
567797796 176 
568267996 231 
568871492 241 
569228401 230 
569465132 143 
570584130 242 
571820718 241 
572622041 137 
572684818 248 
573428350 252 
574441767 235 
574840477 132 
574992932 142 
575490348 124 
575946799 218 
575999332 249 
576843116 232 
577085723 251 
578298100 257 
578614761 244 
578686226 241 
580158975 249 
580334928 241 
581114540 131 
581277212 253 
581315993 245 
582231806 245 
583246338 245 
584772598 158 
585087068 247 
585160977 239 
586757405 241 
587737499 244 
587804276 249 
589123551 241 
589428944 230 
593344790 249 
597016416 246 
597238413 148 
599473905 244 
599535478 239 
599589276 179 
599685041 143 
600238418 254 
602136718 253 
602528743 239 
603830237 236 
604087490 235 
605888762 234 
607784105 241 
608649981 674 
611351231 238 
611968358 247 
612022249 238 
612154878 143 
613101487 729 
614307757 287 
614316466 246 
614333357 248 
616374314 237 
619124036 243 
619164769 243 
621057285 239 
621809270 235 
623145978 251 
623368927 165 
624082988 608 
624288286 247 
624299507 246 
624719958 246 
625212788 263 
625499582 242 
627605178 244 
630795972 243 
631423855 236 
631859309 240 
632512793 174 
634387600 235 
634704528 244 
635225523 155 
635869042 245 
636586016 245 
639057502 245 
641539110 248 
642549089 232 
644065607 248 
644404748 529 
644968598 230 
645834992 151 
646661522 235 
647713779 241 
649327346 253 
650193295 248 
650689819 242 
650815375 246 
650954341 249 
652512095 259 
652777575 243 
652908349 187 
654092660 147 
654109297 246 
654155498 255 
655104123 252 
655350151 248 
657630636 146 
657816953 242 
658449219 249 
665541848 237 
665898784 254 
666431340 244 
666877076 238 
666947838 541 
668150306 153 
668938388 233 
670904121 246 
671130448 237 
671534632 247 
672885889 253 
673480507 232 
673739510 242 
674122158 239 
674134808 221 
674228958 249 
674408268 238 
674762131 245 
674973833 239 
675110448 140 
675795326 258 
678745494 230 
678814340 131 
679119279 258 
680595056 178 
681000515 252 
681067863 245 
681109931 235 
681311233 232 
681930102 231 
681951674 244 
682298746 276 
683257836 129 
684335214 152 
684420058 249 
684861533 245 
684869100 159 
685139045 244 
685210214 250 
686149188 251 
686453967 128 
687832575 244 
688246806 247 
688530237 248 
690174998 243 
691588064 251 
692435646 168 
692804817 137 
693306538 146 
694587011 154 
696359700 244 
696370628 242 
697565667 238 
697586073 230 
698343276 233 
698530041 202 
698625438 241 
699285119 260 
700229033 238 
700390298 256 
701262493 256 
701486845 148 
701527712 253 
702951747 203 
703560523 248 
704637983 249 
705012089 242 
705152476 121 
705314748 242 
705495591 131 
706309148 798 
706434288 246 
707542563 128 
709723869 246 
714190544 246 
714445766 234 
715598618 232 
716144293 250 
716195148 240 
716356228 227 
716622097 248 
716973749 243 
717285296 248 
717323144 251 
717630286 244 
718025452 244 
719377607 249 
719550552 264 
720138526 140 
720167708 245 
720607596 244 
721377781 243 
722451958 232 
722725655 239 
726262618 247 
729540110 160 
730665847 247 
731326095 125 
733002479 242 
733136326 253 
735157364 250 
735865731 246 
736769463 251 
737675442 249 
737818811 251 
738409053 244 
739630886 242 
740089604 257 
740097132 229 
740322065 124 
740350726 240 
741504717 249 
742893211 138 
743022847 234 
743024829 266 
743098682 527 
743277956 239 
743284624 783 
744113203 197 
744329313 253 
745940834 250 
747125171 249 
747778696 262 
747838651 147 
748345262 508 
750484868 243 
751422004 246 
752077167 251 
752153407 255 
752220026 251 
752268082 243 
753096758 254 
753483788 547 
755617270 262 
756650838 259 
758153845 151 
759641316 247 
760654829 241 
763495604 137 
764201251 148 
766758913 263 
768042010 231 
768337983 239 
770307379 239 
770553111 239 
771323246 247 
771841666 631 
772119616 169 
772127945 249 
772585287 235 
773779936 224 
774832364 250 
775629266 231 
776120201 249 
776755543 242 
777139710 239 
777855896 250 
778201297 243 
778671637 229 
780053926 241 
782382105 242 
783034381 241 
786135926 246 
787481030 296 
789554886 251 
789967077 158 
791195218 218 
791325107 261 
791758642 237 
792193349 236 
792407646 154 
793340232 254 
793671248 249 
794117255 256 
794742997 271 
795829576 244 
796821066 242 
796851716 244 
797132336 229 
797812098 250 
800672038 120 
801441957 241 
801843378 783 
803139899 139 
803224808 234 
803608158 244 
803965037 260 
804149806 242 
804570340 250 
805389873 255 
807343672 246 
807580105 131 
807775458 245 
808139891 234 
808600728 139 
808999299 239 
809897170 242 
810988328 260 
813235559 241 
813494183 124 
813503379 266 
813968610 245 
814117794 171 
814412189 240 
814818911 242 
815038375 246 
815655618 127 
815676897 144 
815944582 253 
816530173 232 
817875615 243 
819020554 248 
819585343 154 
819874774 123 
820220016 161 
820289532 268 
820895609 251 
821498301 246 
821862583 256 
822945442 237 
823184333 201 
824471836 255 
824603699 237 
825977257 142 
826067882 249 
827965572 243 
828073818 167 
828266691 240 
828442165 241 
828601355 237 
829061531 244 
829090861 407 
829222808 248 
829324035 241 
829909617 248 
830021987 254 
831108679 406 
831323165 233 
831655570 232 
832105256 245 
832401306 241 
832781188 249 
832816196 255 
835196432 245 
837574110 243 
837768997 251 
838078756 202 
838308681 226 
839154259 137 
839544501 247 
841249257 244 
843804675 247 
843809765 234 
845742971 234 
846305596 123 
846899540 245 
847662826 238 
847700611 240 
847975000 240 
848343311 259 
848590905 128 
852982769 252 
853082796 250 
853120151 183 
853235933 254 
854914240 243 
855509776 417 
855584388 245 
856275111 246 
856630657 273 
858910554 249 
858982231 249 
859041113 243 
859585586 134 
859833230 144 
860637949 171 
861560315 248 
861570701 0 
862395957 258 
862885438 247 
864403197 156 
864670986 240 
864868591 233 
865411646 261 
866812979 239 
867471730 242 
867576572 257 
868092345 246 
868372621 237 
868586913 247 
869919623 243 
870907491 134 
871197095 250 
872865647 133 
873766306 241 
874315261 148 
874464780 260 
875660404 127 
876660908 253 
877276925 152 
877707126 135 
878142801 243 
879259444 142 
880236699 240 
881144192 199 
881288087 236 
881537488 231 
883604126 268 
883802016 161 
884494644 232 
884557214 354 
885288704 163 
885326896 245 
886911796 246 
888984628 246 
889947442 241 
891021072 243 
891086914 259 
891195062 243 
891359209 137 
891846110 246 
893235931 245 
893997591 245 
894096128 245 
894317314 247 
894504753 242 
894524670 240 
895229447 250 
895887089 262 
896057441 216 
897973850 283 
898341815 252 
898392881 187 
898789788 236 
899371767 120 
899529665 197 
901392640 240 
901572598 251 
901917138 246 
902309441 132 
902995515 241 
903917072 262 
903996659 222 
904097768 238 
904112652 151 
905781609 124 
906960179 233 
907070247 241 
908097374 241 
908126147 261 
908427764 237 
908817143 242 
910506909 240 
910876352 255 
911116360 248 
911181273 229 
911927950 243 
912146595 549 
912583412 236 
912780420 236 
912995957 252 
913829751 258 
914510131 167 
914557090 252 
915432453 243 
915452393 172 
915699480 240 
916648422 238 
918413887 256 
920330124 168 
921354353 357 
922322997 250 
922589454 244 
922823316 166 
923276035 241 
923509933 256 
924300916 440 
924338417 250 
924599814 244 
927380398 227 
927546129 189 
927819367 250 
928741423 241 
929023652 239 
929374119 419 
930118116 247 
931556448 247 
932654615 420 
933590180 254 
933789010 248 
933906931 193 
934374439 240 
935583812 248 
935885590 403 
936740715 798 
936785336 250 
938390552 232 
939947925 230 
940445712 248 
940544207 236 
941649446 248 
942374930 235 
942912882 129 
943078750 264 
947026060 255 
948165330 253 
948657713 246 
948825296 254 
949779552 242 
950244935 153 
950683299 230 
950853780 240 
951163415 240 
951595715 156 
952467635 235 
953168363 129 
953437545 243 
954173368 248 
954359667 237 
954419930 246 
955305470 130 
956166589 251 
957296883 248 
958740954 249 
959963093 258 
960053017 132 
960934994 274 
961066160 240 
962059500 397 
963133443 242 
964204016 239 
965410254 251 
966724923 245 
967224489 158 
969199452 157 
969961884 244 
970058666 209 
970675213 239 
971209754 250 
971533559 138 
971727770 241 
972605957 248 
973321751 245 
974068532 243 
975152992 241 
975469130 242 
975553910 250 
976198587 252 
976451616 246 
976543326 254 
977796683 140 
978170502 239 
978560515 247 
980258757 252 
980290752 136 
981392421 241 
982934613 235 
983376416 248 
984578211 250 
985539395 143 
988696385 254 
988731488 770 
988845150 242 
988873717 250 
989179905 130 
989950471 307 
990065277 233 
990504280 246 
993366871 412 
993423030 239 
993872076 246 
994287507 246 
994813539 252 
995915335 246 
995936361 254 
996137793 169 
996612854 118 
996808447 246 
997988767 240 
998470807 244 
998817581 251 
999306889 221 
999611929 338 
1002213792 233 
1004632843 241 
1005234068 137 
1005333666 151 
1005883657 237 
1006136848 208 
1010919835 146 
1011950276 233 
1012269076 244 
1014366226 239 
1014508532 247 
1015714908 244 
1016324844 249 
1017517537 248 
1017759197 249 
1019414521 235 
1019610414 249 
1019768470 122 
1019787661 245 
1020228825 0 
1021521830 133 
1023145247 164 
1024293683 237 
1024523437 239 
1025130040 242 
1025411162 257 
1025900279 757 
1029291028 245 
1030292441 255 
1030686665 245 
1030919928 250 
1032177354 255 
1033450320 247 
1034074659 257 
1034715364 223 
1035160400 230 
1035907393 482 
1036237118 146 
1037687086 248 
1040466187 231 
1040973107 249 
1041361859 151 
1042101965 236 
1042643186 265 
1042815268 126 
1042832306 251 
1043266731 161 
1043282860 467 
1043350814 128 
1043522364 140 
1043623717 221 
1044422649 654 
1045083640 251 
1045874913 251 
1046720969 260 
1048150326 132 
1048813813 248 
1049339844 141 
1052136583 152 
1052452773 257 
1054073071 249 
1054131482 254 
1054580344 249 
1054685599 235 
1054793015 462 
1054854224 252 
1054958812 240 
1057178867 244 
1058846514 137 
1059787942 246 
1059838835 237 
1060178016 178 
1060250672 234 
1060638194 151 
1061399723 133 
1061547155 259 
1062288166 143 
1063473983 121 
1064431664 270 
1066500606 248 
1067344409 232 
1068288821 241 
1069316258 243 
1069514296 152 
1069651854 250 
1071546312 235 
1072813857 237 
1073280033 135 
1073741824 0 
1074551756 471 
1074568993 152 
1075110305 250 
1075294498 258 
1075450975 232 
1075726685 233 
1077572455 386 
1078880275 134 
1079643562 144 
1080177774 254 
1080785669 252 
1081744506 144 
1084262702 247 
1084954749 246 
1085108365 247 
1085227705 138 
1085598537 250 
1089843283 390 
1090093517 243 
1090164929 239 
1090665959 235 
1090738121 357 
1091448200 190 
1093525478 246 
1093954225 301 
1094724860 260 
1095748728 152 
1096760699 248 
1096778207 241 
1097523054 252 
1098905827 244 
1099489490 249 
1099723752 256 
1100323853 234 
1100909455 233 
1102437783 238 
1102913365 242 
1103856049 252 
1104258283 250 
1104514165 235 
1104771727 245 
1104912664 234 
1108808696 250 
1109701377 141 
1111244570 234 
1111378471 235 
1111584329 253 
1111667881 235 
1113277559 153 
1113418556 246 
1114108594 237 
1115160313 282 
1115235424 155 
1116426694 238 
1117243039 248 
1117824204 261 
1118509530 249 
1119293652 189 
1120364890 247 
1120708605 316 
1121163191 244 
1121768523 155 
1122111885 243 
1123286800 164 
1123921187 247 
1124989526 237 
1125632907 332 
1127713838 254 
1129943997 244 
1130575363 249 
1130645691 238 
1131101768 262 
1132078457 241 
1132502197 248 
1132995416 243 
1133471837 247 
1133641708 250 
1134328079 237 
1135587740 254 
1136235746 239 
1137063537 248 
1137329056 150 
1137906595 252 
1138149240 159 
1139320228 245 
1139678706 569 
1139815136 0 
1141672631 244 
1141979810 247 
1142297280 260 
1142760264 245 
1143791865 543 
1144062333 246 
1144263706 156 
1145805995 238 
1146838540 581 
1147467283 250 
1148368553 121 
1148517150 243 
1148693216 261 
1150052794 249 
1150325735 254 
1151040315 229 
1151655216 235 
1152762452 244 
1152790607 251 
1153088251 146 
1154186407 246 
1155074446 246 
1155449208 169 
1156659998 242 
1156679602 250 
1157610273 238 
1157641236 233 
1157748111 370 
1157975062 257 
1157998632 255 
1158105105 189 
1158634479 242 
1160177440 234 
1160667966 129 
1163576201 237 
1163609842 172 
1163637800 239 
1163675282 247 
1163972018 249 
1164181635 238 
1166892612 351 
1166953748 256 
1167808373 245 
1167915759 242 
1168075431 250 
1168871911 227 
1170646768 252 
1170714966 0 
1172248947 245 
1172263171 250 
1172439536 247 
1172747833 250 
1173013498 256 
1174448668 247 
1178003645 251 
1178016795 255 
1179640638 245 
1183232212 238 
1185719814 158 
1185749477 247 
1185839378 252 
1188891192 237 
1190357191 240 
1190455586 242 
1190503231 258 
1190737098 231 
1191012388 235 
1191200343 164 
1191501463 248 
1191801531 246 
1192199696 251 
1192292124 777 
1193473262 249 
1195518189 239 
1196155948 161 
1198583695 244 
1198583970 0 
1199490824 247 
1200119585 254 
1200394229 244 
1200399056 251 
1200514886 423 
1201031679 240 
1202282939 249 
1202376593 147 
1202507672 247 
1202619701 166 
1204257106 241 
1204961349 256 
1206532426 156 
1208078229 248 
1208111589 249 
1211171347 249 
1211334620 240 
1212193387 245 
1212675848 240 
1214532554 243 
1215297900 244 
1215630108 253 
1215752985 242 
1215780440 245 
1216640790 242 
1217208078 248 
1217441223 251 
1218202511 335 
1218617011 247 
1218630470 256 
1220133915 129 
1220856846 157 
1222158961 242 
1223561857 250 
1223629836 251 
1225435909 230 
1226212380 240 
1226800778 231 
1227026005 241 
1227214926 138 
1228304848 238 
1228956335 255 
1229410968 237 
1230952565 244 
1231125101 245 
1231690775 258 
1232023462 255 
1232263329 150 
1232280420 260 
1233887164 245 
1234597847 785 
1235161406 236 
1236332399 247 
1236431350 251 
1237059254 285 
1237294819 545 
1237691289 249 
1239933623 250 
1240025882 246 
1240795700 246 
1240889450 124 
1242034207 252 
1242871878 263 
1242953706 252 
1243052942 246 
1243280004 236 
1244407912 242 
1245697247 244 
1245847050 247 
1249698033 233 
1250498933 237 
1252154790 150 
1253095716 136 
1255829023 247 
1255973689 253 
1258338282 256 
1260248480 244 
1262643941 243 
1264104452 248 
1264346519 247 
1265269943 225 
1265311610 256 
1267269334 238 
1267496173 242 
1267658529 142 
1267961653 171 
1268952331 250 
1271142647 247 
1271309953 245 
1272380489 232 
1272852975 163 
1272956290 241 
1275764478 243 
1276256187 243 
1277004838 241 
1277893182 203 
1278011503 237 
1279868908 530 
1280288148 239 
1280296609 242 
1280695270 151 
1281956373 334 
1283933164 231 
1284990660 398 
1285199110 131 
1286451699 136 
1288342871 174 
1288430032 227 
1288555919 245 
1288574509 240 
1290717817 249 
1290773417 173 
1291410161 144 
1291968591 260 
1292704332 235 
1293964637 242 
1295655864 144 
1296647704 249 
1298558947 242 
1299705909 157 
1301005682 249 
1302354285 141 
1308117226 252 
1308182498 255 
1308234530 254 
1308487240 233 
1312262920 249 
1312466600 125 
1312755307 249 
1315434167 248 
1315621948 240 
1316931821 241 
1317189346 246 
1317254457 249 
1318664098 249 
1319460306 441 
1320525865 251 
1321121794 150 
1321312087 237 
1323402222 251 
1324991172 557 
1326699825 248 
1326996691 243 
1327051217 244 
1328012278 247 
1329216182 248 
1329254036 171 
1330093255 251 
1330768240 246 
1330955108 230 
1331265511 251 
1331373933 241 
1331710765 258 
1332090422 245 
1332504129 263 
1332519510 236 
1332586807 255 
1333224477 232 
1333819838 244 
1334076799 370 
1334124576 250 
1335018616 229 
1335303722 148 
1335339661 138 
1335774705 242 
1336057532 235 
1336423405 235 
1338646769 452 
1338740707 254 
1339406182 245 
1339722263 154 
1340487026 253 
1341442351 250 
1342176826 256 
1342326808 247 
1343782113 249 
1344095550 253 
1344258755 249 
1344911362 251 
1346621819 246 
1348943912 234 
1349094298 239 
1349177106 242 
1349741770 250 
1350128801 249 
1350816807 139 
1351997186 244 
1352267207 250 
1352591496 356 
1354857889 240 
1355683774 236 
1356587837 177 
1356845211 251 
1357461835 284 
1358673944 252 
1359629213 246 
1360194417 255 
1361218879 160 
1361342333 237 
1362599351 254 
1363757992 242 
1365079367 251 
1366227789 251 
1368394791 244 
1368569699 125 
1368946774 238 
1369530495 243 
1370117683 236 
1371437307 250 
1373565036 246 
1374205998 151 
1375520183 237 
1376717620 241 
1377088516 243 
1379304427 239 
1380620632 247 
1380858080 244 
1380979662 246 
1381143981 133 
1381400919 242 
1381727578 250 
1381911800 544 
1383687321 266 
1385041484 237 
1385508759 179 
1387545269 242 
1390571038 246 
1391489257 158 
1393559184 139 
1394242285 249 
1394348030 256 
1394441062 243 
1395127491 246 
1395850629 237 
1396373074 127 
1396858754 247 
1397273965 242 
1397329191 248 
1398024953 242 
1398142763 118 
1399055867 256 
1399219815 254 
1399776861 240 
1400146239 126 
1400757833 253 
1401470009 241 
1402635705 237 
1403015435 243 
1403397437 232 
1406263339 129 
1406649839 238 
1407215296 637 
1407343190 247 
1407497188 131 
1408811201 248 
1409268990 244 
1409894149 197 
1410185993 256 
1410999628 245 
1411273952 245 
1411514565 242 
1413028645 244 
1413340997 233 
1414017252 135 
1414029759 243 
1414357150 243 
1414519363 249 
1418322012 127 
1418630411 241 
1419495911 252 
1420498793 136 
1421250684 231 
1421444688 223 
1423632779 252 
1423922547 252 
1425359707 373 
1426425533 140 
1428151691 143 
1428289324 236 
1428355362 245 
1428766227 128 
1429663044 243 
1432705474 239 
1433055079 243 
1433391636 258 
1434179240 123 
1434506464 252 
1435268372 238 
1435736269 463 
1435991480 235 
1436533510 144 
1436682711 136 
1437327425 241 
1437350881 242 
1437542916 146 
1438053704 239 
1439908034 239 
1440013636 235 
1440228118 241 
1441289901 257 
1441312977 324 
1444001762 226 
1444003308 233 
1444154148 242 
1445454765 158 
1445919554 240 
1446805443 242 
1446892286 260 
1446893542 257 
1447901592 253 
1448226500 242 
1448757367 238 
1449006154 242 
1449102917 249 
1449924411 245 
1450186066 250 
1450750382 235 
1451065335 248 
1451211122 266 
1454837218 251 
1455016494 258 
1456400308 244 
1457673576 246 
1457758289 247 
1458308996 138 
1459146678 248 
1459866972 253 
1459904175 129 
1460319025 131 
1461145922 264 
1461521326 251 
1463837986 254 
1464999661 246 
1465409094 172 
1465523943 249 
1466245661 231 
1468113605 231 
1469879329 247 
1470330303 246 
1470819032 285 
1471396715 130 
1472310175 242 
1472540839 144 
1472787225 238 
1473968381 251 
1474669017 341 
1475034491 240 
1476400106 188 
1477178596 247 
1477657394 226 
1478342357 145 
1478367209 237 
1478684277 227 
1478891823 519 
1480232112 244 
1480884279 140 
1482075964 248 
1483082081 248 
1485530714 244 
1486505915 253 
1486720197 256 
1487603060 160 
1487791289 222 
1487833319 287 
1488234995 256 
1488556386 245 
1491775394 254 
1492568149 120 
1493659701 230 
1493931584 238 
1495061145 264 
1495675228 258 
1496028564 122 
1496092054 245 
1497702211 248 
1498932623 254 
1500660014 259 
1501203377 243 
1501651161 546 
1502104511 127 
1503066635 241 
1505005590 236 
1505591905 235 
1505781898 178 
1506873286 132 
1507281406 251 
1507378081 245 
1507661871 247 
1508075716 238 
1508631028 257 
1508839667 249 
1508893513 260 
1509181595 208 
1509686004 122 
1511836674 202 
1511934059 246 
1512026702 238 
1514488731 246 
1515277241 233 
1515962039 149 
1518636369 229 
1518958284 247 
1519807758 248 
1522522031 0 
1523390285 253 
1523814332 247 
1524674072 168 
1525146910 557 
1526007407 156 
1526063302 235 
1526847702 260 
1527170053 257 
1527214236 539 
1527536800 784 
1527885722 172 
1529214105 250 
1529286970 232 
1530136970 258 
1530281426 253 
1531606612 249 
1531890187 235 
1532409178 254 
1533321818 246 
1533536711 235 
1534835108 235 
1535468477 243 
1535538566 250 
1536383019 234 
1537545103 494 
1537576537 118 
1537652170 135 
1537692288 250 
1537780133 251 
1538403614 145 
1538539031 243 
1539301995 247 
1539568548 283 
1540177938 247 
1540225813 193 
1541022171 244 
1541243375 225 
1541534483 253 
1541689566 186 
1541738111 245 
1541807070 157 
1543634733 122 
1543716206 255 
1543752246 235 
1544921621 264 
1544984179 242 
1546164463 249 
1546708346 242 
1547135298 245 
1547193731 241 
1547661794 154 
1548573789 253 
1548716388 134 
1549087067 247 
1549594353 260 
1549752327 257 
1550857441 187 
1550964893 152 
1550992240 251 
1553263473 244 
1553270488 243 
1553550209 534 
1553877817 257 
1554581926 175 
1555204720 172 
1555587909 227 
1556623640 236 
1557291328 123 
1558522755 241 
1559649372 253 
1559771326 148 
1559928116 142 
1560306883 134 
1560565624 774 
1560989026 242 
1561019014 246 
1561424123 244 
1561905525 254 
1562137892 239 
1563297127 246 
1566710073 233 
1567191621 249 
1568815328 246 
1569177510 525 
1569246507 246 
1572047997 249 
1573020006 251 
1574972505 248 
1575610496 237 
1576269701 240 
1577739525 251 
1578241140 265 
1579337946 247 
1579988916 243 
1580273662 238 
1582025908 152 
1582313768 361 
1583467277 244 
1585209809 234 
1586498139 239 
1586660811 158 
1587049937 238 
1587173298 244 
1587225330 247 
1588184475 258 
1589755781 247 
1590264823 247 
1591630824 244 
1592485656 250 
1592986493 241 
1594932821 252 
1597093224 146 
1597327202 245 
1597978908 389 
1599444215 249 
1599749103 241 
1600724966 248 
1600835590 248 
1601243678 284 
1601494964 234 
1602499209 248 
1602981430 181 
1603068497 241 
1603252581 449 
1603555050 252 
1604442858 260 
1604620046 242 
1604674284 243 
1605153284 250 
1605292064 145 
1606631070 256 
1606646783 226 
1607122297 234 
1607184071 247 
1607484454 239 
1608175861 230 
1608383668 258 
1609347329 147 
1609595301 142 
1609716371 559 
1609815484 293 
1611912096 217 
1612004323 235 
1612546628 266 
1614407950 251 
1614444861 232 
1617843814 241 
1618295993 252 
1619064617 143 
1619875098 244 
1620266408 251 
1622225845 238 
1622939566 329 
1624068456 246 
1625293920 257 
1625621029 256 
1627361322 241 
1628691570 235 
1629342152 235 
1629540772 247 
1629724080 469 
1630574973 243 
1630985486 244 
1631696271 244 
1632624041 180 
1632910214 124 
1635678592 238 
1635857091 440 
1636803836 145 
1638141217 155 
1638557866 257 
1640318425 188 
1640348747 143 
1640818816 238 
1640946234 231 
1641139472 238 
1641541959 250 
1641705283 248 
1643351222 234 
1646814766 163 
1646916219 239 
1647058424 248 
1647829001 249 
1648637949 142 
1648985546 240 
1649236025 270 
1649252931 242 
1650064010 240 
1650607613 241 
1651208319 129 
1651575871 473 
1651721827 252 
1652783220 252 
1653291131 147 
1653311517 244 
1653494144 241 
1655240669 150 
1655522740 242 
1655707250 245 
1661306397 240 
1662931367 244 
1663692164 240 
1664626603 186 
1664648761 125 
1665776702 236 
1668852731 252 
1672483844 126 
1673095519 201 
1673460436 260 
1674212661 239 
1674951309 238 
1675173609 239 
1675329105 240 
1676943268 350 
1677579185 252 
1677949568 245 
1678041424 153 
1680769599 240 
1680819694 247 
1680963198 173 
1682256623 250 
1683981281 236 
1684222673 243 
1684244705 135 
1684518206 247 
1684810990 253 
1685093563 621 
1686536001 238 
1687319106 239 
1688158183 278 
1688516794 250 
1689690242 248 
1689987098 251 
1690405783 260 
1691090436 239 
1691509538 249 
1692424508 240 
1692575213 234 
1693076332 339 
1693430225 248 
1693431759 235 
1694229655 252 
1694434484 123 
1695136635 245 
1695436132 244 
1695531623 242 
1695881214 241 
1696128775 241 
1696602893 247 
1696814011 276 
1697285837 242 
1697303127 247 
1697357809 239 
1697976044 249 
1699237330 225 
1699404219 241 
1699763076 145 
1700318119 246 
1700690538 243 
1700859313 249 
1701219243 248 
1701569818 233 
1701707942 252 
1701955568 255 
1702592241 237 
1702615958 248 
1703436128 241 
1703893493 249 
1704113907 245 
1704871096 246 
1704950600 150 
1706301634 239 
1706744468 235 
1707593029 248 
1708910245 245 
1709933779 235 
1711108342 149 
1712515566 159 
1714950045 241 
1715439906 237 
1717016860 172 
1717094817 241 
1717146701 526 
1717154577 153 
1717170152 253 
1717503215 149 
1718189118 126 
1718453112 248 
1719596561 236 
1719641765 241 
1720840166 170 
1721346659 244 
1721445087 152 
1722406343 250 
1726341766 235 
1726610225 589 
1726699842 234 
1726902907 242 
1727111928 242 
1727136999 231 
1727449576 247 
1727963384 250 
1728569261 246 
1728921447 249 
1729153135 154 
1730171773 435 
1731319789 248 
1731320682 255 
1732445656 251 
1732597336 243 
1733024102 253 
1733470127 248 
1733503923 239 
1733566326 243 
1735262367 240 
1735511161 241 
1736070823 241 
1737919368 239 
1738535824 233 
1739153219 257 
1739541966 548 
1742017526 248 
1742045807 259 
1742347905 240 
1743042256 242 
1743503369 251 
1743741843 238 
1744113299 249 
1744428956 264 
1744825139 237 
1745123560 338 
1745819671 249 
1746464424 250 
1746649063 246 
1746931417 128 
1747519916 233 
1747588640 248 
1747727851 134 
1748180365 222 
1748801732 133 
1749114679 164 
1749429242 250 
1754123110 243 
1754502001 248 
1756230988 244 
1756413909 166 
1757000870 230 
1757968404 131 
1758499327 248 
1759179007 241 
1760230934 245 
1760877731 260 
1760881459 252 
1764995248 248 
1765451971 391 
1768190233 241 
1769297346 132 
1769317509 254 
1769569806 242 
1769794556 248 
1769907823 248 
1771043332 238 
1773131566 153 
1773252347 247 
1773696081 238 
1773990076 250 
1774286689 243 
1774617599 570 
1774993867 141 
1775495011 247 
1777688777 254 
1778131783 249 
1779900943 247 
1780181481 252 
1781864513 237 
1782190637 246 
1783549920 131 
1784442447 241 
1785445208 500 
1787093283 157 
1787486552 160 
1787586791 250 
1788653458 122 
1789272936 230 
1789291661 228 
1789883126 257 
1790113645 143 
1791401841 237 
1791809067 238 
1795283960 239 
1795467735 246 
1795796659 246 
1796135615 238 
1796340355 243 
1797102762 246 
1797889042 233 
1799197529 244 
1799875454 242 
1800463376 237 
1802337600 169 
1802353954 251 
1803819938 155 
1805134577 255 
1805142872 172 
1805486291 250 
1806019667 253 
1806359173 252 
1807105648 262 
1807488760 245 
1810105494 240 
1810204739 256 
1811058944 253 
1811791047 240 
1812011661 235 
1812536592 146 
1812913599 237 
1813574010 242 
1815031039 248 
1815962658 251 
1817529813 253 
1818212803 245 
1818292578 255 
1818557374 175 
1819213337 239 
1820206648 156 
1820418348 247 
1821535172 242 
1825255810 252 
1825329442 155 
1825851228 240 
1826161276 129 
1827575486 260 
1827973785 251 
1828703252 243 
1829720104 138 
1829775624 249 
1831554771 177 
1831929125 124 
1832382125 244 
1832640016 254 
1833142505 243 
1833230252 251 
1833789359 153 
1833942267 243 
1834643199 232 
1836050635 246 
1836107355 244 
1836114974 247 
1836296204 247 
1837329771 233 
1837779129 251 
1838183826 251 
1838207787 254 
1839722800 244 
1840172691 223 
1842470756 242 
1843174475 236 
1845438409 234 
1847196714 184 
1847386575 247 
1847563303 141 
1850036326 233 
1850404541 245 
1853844640 245 
1853966389 256 
1854145805 258 
1858236682 257 
1858603457 256 
1859356795 241 
1860324629 245 
1862253807 234 
1863744925 244 
1866121626 136 
1867160885 147 
1868148528 127 
1868243915 277 
1868311025 255 
1868448293 241 
1868506722 588 
1870826981 235 
