18/01/2018
2 NaI detectors back-to-back
44Ti
HEADER0:1025
HEADER1:1792
HEADER2:513
HEADER3:32772
1142003 238 
1418788 240 
1789927 236 
3417549 558 
4233045 664 
5832613 244 
5919135 254 
6863795 160 
6871159 245 
6928182 246 
6932418 239 
8192963 161 
8210168 351 
8652798 245 
9479853 247 
9542763 237 
9593807 232 
10764618 254 
10834856 248 
10993950 244 
12162049 124 
15014438 235 
15128928 119 
17420078 256 
17624447 235 
17952469 419 
18237018 241 
18520893 238 
20135384 144 
20625276 542 
20783971 250 
20996789 243 
21290950 251 
22681075 179 
22689506 236 
23582520 255 
23773241 256 
24583575 174 
25335243 253 
25438427 249 
25616828 233 
26468605 226 
28952495 253 
28962930 182 
29907887 153 
30064780 251 
31009144 245 
31079984 251 
33144979 245 
33762410 251 
33905848 132 
36293182 241 
36364992 245 
37708985 251 
37739560 396 
38606158 245 
39020687 439 
39413584 146 
39517377 255 
39833910 261 
41404756 242 
41496199 253 
42526949 249 
43136695 148 
44675797 246 
45473560 147 
45656243 148 
46111316 270 
46651896 251 
47193032 240 
47931449 247 
48163448 239 
49357460 244 
50011657 245 
51365570 246 
52796222 234 
53322199 142 
54401402 260 
54858021 163 
55689176 243 
56463694 253 
57094239 247 
59849656 242 
60095070 248 
61514128 243 
61557077 238 
61629727 468 
62034187 241 
63760143 536 
64113660 250 
66669745 127 
66825663 236 
67909663 242 
69751421 164 
71545581 213 
72192905 155 
74440747 242 
74569468 243 
74986707 175 
75432094 253 
76500518 250 
76626430 126 
76689790 253 
77483721 252 
77492356 248 
77880290 253 
78540875 245 
80256431 249 
80702034 247 
81501063 0 
82192427 254 
83660486 250 
83850233 341 
84770482 249 
85049633 243 
85762734 243 
86417858 151 
86425755 152 
86670915 153 
87033261 236 
87160715 156 
87576343 255 
88361173 245 
88538610 518 
88671638 236 
90540821 245 
90895599 233 
91342121 249 
91600219 230 
92596943 245 
93151958 244 
93666031 148 
93702405 243 
93955296 248 
94689128 252 
94996632 154 
95787798 242 
96262459 252 
96798338 238 
97133990 243 
98489451 243 
100105049 245 
100766962 145 
100970723 255 
102335040 154 
102825129 251 
104107519 250 
105871392 245 
106566032 248 
106795627 246 
107811340 245 
108314453 573 
109870594 246 
110494728 244 
111418148 238 
111431642 234 
113797562 215 
116057834 126 
116490361 234 
116684283 240 
117159581 145 
117287857 233 
117565147 252 
117753567 250 
118011642 160 
120727149 252 
120939367 254 
121316534 241 
121381884 252 
122028001 240 
125034876 247 
125391131 143 
125473519 221 
125988693 146 
126448928 236 
127124265 240 
127329991 239 
129711760 239 
130975096 240 
132413927 249 
133752035 245 
133761846 136 
133811266 244 
135360384 244 
136208324 267 
137339121 241 
137802096 156 
138433349 236 
139647400 534 
141212347 251 
141951138 244 
142133474 226 
142648097 255 
143794372 235 
144152682 240 
144275604 119 
144283280 240 
144917336 241 
146326577 227 
147946484 241 
147988651 350 
148019300 253 
148551877 425 
149822005 234 
150061408 234 
150247757 247 
151003476 148 
151080184 250 
152846019 236 
154339546 244 
155508950 251 
156163678 150 
156709230 140 
158203092 242 
158294332 253 
159304572 540 
159956612 242 
160133293 539 
162326748 248 
163392369 129 
163515736 175 
163915043 245 
164494258 204 
164536146 250 
165115612 245 
165792001 249 
166479281 178 
166822350 252 
167808608 246 
169153641 239 
169930890 245 
171405593 149 
172502894 163 
173228925 245 
173508625 215 
175526206 351 
176346189 146 
177255520 241 
178011751 184 
178804120 553 
178971418 236 
180543737 235 
180647756 249 
180864766 245 
181726057 242 
182146247 116 
182208144 257 
182427116 542 
183420797 152 
183667381 241 
184238644 154 
184996549 239 
187754333 243 
188812954 247 
189160962 612 
189733138 244 
189892184 257 
190389488 239 
191073624 235 
193151277 245 
193173061 238 
193212060 254 
193309296 250 
193440032 117 
193836694 238 
194176265 248 
195174677 241 
195960961 258 
197406061 247 
198903734 247 
199339522 252 
200438596 241 
200445015 526 
200447788 254 
200887125 250 
201529537 250 
202194739 244 
202756022 238 
202847190 241 
203231528 250 
204970306 133 
205284117 242 
205995140 248 
206323328 246 
206473712 250 
207041330 243 
207575293 248 
208082378 448 
208468479 242 
209536844 239 
210093955 238 
210769068 251 
212376936 125 
213224990 551 
213457816 249 
213903217 238 
216246327 239 
216577157 248 
217012979 252 
217152034 240 
218758388 248 
220390803 233 
221509432 243 
221796881 242 
222472119 434 
223719491 235 
225614683 246 
225740704 245 
226977589 124 
227242803 241 
228073856 156 
228449754 126 
229125518 244 
229501759 146 
229960520 346 
231877961 217 
231922829 143 
233711275 250 
233799612 129 
234185123 236 
235077234 247 
235194802 140 
236957946 240 
237929499 251 
238136019 249 
238148087 247 
238339644 241 
238532444 236 
239607931 231 
240041433 244 
241398370 241 
243061024 439 
243669436 241 
243680185 225 
243913848 249 
244175424 236 
244929402 241 
245556992 243 
245587692 243 
246278290 249 
246405803 244 
248887887 165 
248904935 239 
249661809 537 
249823754 127 
250304055 149 
250494206 626 
250859572 245 
251070500 250 
251498316 239 
251710697 244 
251812061 125 
252936420 238 
253009262 116 
253448419 232 
253871080 136 
254478378 141 
256619426 132 
256920775 242 
258406664 150 
258913461 250 
258914954 233 
259498508 254 
261348955 341 
261673128 273 
262191371 249 
262217460 153 
262576751 238 
262686297 257 
263550439 232 
263808173 242 
263976871 246 
264051513 236 
265289786 245 
265509472 230 
265817857 253 
267595122 533 
268982322 242 
269510362 233 
274431988 162 
277019839 256 
277767103 274 
277841596 188 
278644099 235 
278709502 241 
279747756 235 
279786242 235 
279938234 246 
280199787 243 
280836919 243 
281217762 242 
282148662 242 
283762481 247 
283929523 231 
284007649 545 
284259068 244 
284681967 451 
284905850 238 
285255242 238 
286418925 234 
286540417 253 
286737546 162 
287616062 245 
287710987 161 
287849986 532 
288002352 159 
288085934 476 
288611308 764 
288740577 251 
289312916 240 
289708371 783 
289854220 253 
290037758 237 
290748894 251 
291678196 523 
292189343 138 
292819873 391 
293547168 245 
294298721 162 
294603354 319 
294661235 240 
295200661 241 
295491582 247 
295574758 403 
295653039 244 
296145477 247 
298226404 235 
298303956 235 
298621174 237 
299668031 553 
302321270 241 
304707028 246 
305643921 240 
305880026 237 
306051577 152 
306367127 245 
306730245 237 
307924613 247 
308037760 240 
309794834 247 
310149878 136 
310362493 246 
311166078 238 
312077995 250 
312189361 244 
313650110 240 
314338112 239 
314696949 251 
315162067 150 
315343798 242 
315627417 239 
317176552 221 
317344701 252 
317596692 551 
318351397 157 
319964263 241 
321915141 160 
322297837 130 
323252678 241 
324426425 249 
324817377 254 
327442575 567 
327568639 249 
328058134 250 
331157243 250 
331560033 240 
331664827 231 
332165460 248 
333899530 256 
334167751 258 
334357797 159 
334962854 236 
335071759 252 
335442094 257 
337584612 234 
339021629 160 
339440736 246 
341750453 242 
342382188 245 
342499527 255 
342616241 237 
342948124 544 
344245379 137 
345500073 246 
345953458 234 
346394490 240 
346948511 246 
348867565 534 
348972071 562 
350118909 232 
350555406 244 
351418693 241 
351848669 240 
353391727 251 
354241741 235 
355222899 247 
355261966 247 
356440632 116 
356779679 227 
356878085 248 
357526573 241 
357901772 251 
357999149 235 
358150841 721 
359270981 661 
359643514 243 
360301586 135 
360930598 236 
361583613 245 
361821044 254 
362513947 247 
363877609 240 
364719549 244 
365114970 249 
365694904 238 
366033965 248 
366118443 255 
366222650 245 
366657309 240 
366911161 238 
367004488 151 
367382583 255 
367966431 253 
368019289 236 
368957230 255 
370146559 562 
370167415 124 
370191195 157 
371184592 246 
371498552 251 
372426926 793 
373352321 248 
373737290 757 
373845212 156 
376889251 244 
377233288 238 
377513611 539 
377650324 236 
378443340 248 
378717344 245 
379340000 595 
379390795 253 
380044173 130 
380348205 201 
380578641 238 
380586153 239 
380595364 244 
381479363 124 
383199966 237 
384474574 239 
384540980 245 
385531360 247 
386269631 244 
386639938 127 
386683585 234 
387796613 405 
388882789 243 
390037601 228 
390400653 242 
391198330 241 
391910225 126 
392003263 241 
392171794 237 
392278971 250 
392516695 539 
393015856 250 
394110284 255 
394244850 235 
394249072 242 
394573682 252 
394899955 232 
396118837 551 
396711115 244 
398423368 246 
399531986 130 
400535449 255 
400869337 170 
402288106 154 
403593400 254 
404120745 211 
404863543 139 
404882673 243 
405026988 247 
405874595 239 
407013358 245 
407163130 244 
407478415 232 
409370448 248 
409587489 248 
412254378 256 
413516387 244 
416076041 119 
416162331 249 
416345826 250 
416460418 212 
416601781 253 
416740516 245 
417056715 224 
417288941 232 
417662601 536 
418023048 242 
418087651 242 
418392563 236 
421628028 250 
421737970 248 
422616266 257 
425977182 240 
427434240 136 
427463287 245 
427480472 241 
427575056 255 
427900358 240 
428418267 336 
428527748 247 
429275547 253 
429654144 152 
430694701 242 
430722188 250 
431671879 154 
432474273 286 
432768445 236 
433183352 140 
433300787 253 
433463910 251 
433601648 241 
433656772 247 
435449786 153 
436200276 245 
436688021 232 
437812613 240 
437881064 187 
438263163 240 
440009033 250 
440115692 250 
440338658 330 
441012156 198 
441085844 241 
441630026 165 
441907686 154 
442098254 249 
442717500 236 
443787308 242 
444175281 244 
444644482 239 
447457492 216 
447501022 229 
447610720 538 
449020433 247 
449197986 238 
450794968 241 
452481406 245 
453583598 255 
456000199 248 
456484100 225 
456760675 175 
460537678 230 
460685545 243 
462196103 534 
462228563 235 
463249113 246 
463653468 278 
464302327 243 
465663413 158 
466331194 235 
466673499 246 
467169575 123 
468459277 141 
468757072 244 
468951527 247 
469241427 250 
469601284 249 
470805081 256 
472434308 245 
472728610 236 
472787715 223 
473109055 253 
473516644 247 
474716000 244 
474992614 337 
475341444 250 
476349767 250 
479387737 242 
479482970 249 
480099011 395 
480695123 252 
480900313 289 
482438805 253 
484653801 264 
484907817 165 
485696005 414 
486504823 222 
487489225 238 
487511247 239 
488213093 182 
488520516 238 
488583000 162 
488779224 132 
488793109 284 
489163742 201 
489534267 176 
490608474 243 
493282139 247 
493722085 241 
494076067 227 
494142149 257 
494823066 136 
495634735 177 
495670430 245 
495866156 255 
496021067 150 
496269006 248 
496562199 236 
498650717 241 
499120353 243 
502082443 0 
502471218 252 
502688268 230 
505409474 252 
505439019 236 
505480777 244 
505864028 224 
508026143 241 
508119219 241 
509604276 237 
511235067 126 
511698838 124 
511816181 246 
511828966 255 
512093497 186 
513676791 270 
513883724 250 
514296322 242 
515833520 246 
515866809 249 
515982936 253 
516996949 244 
518187963 257 
519649432 238 
519767616 440 
520276643 230 
520440605 136 
521864096 245 
522245582 239 
522990071 244 
526508709 232 
526931501 244 
528964090 233 
529145037 165 
530068188 243 
530075095 249 
530958314 167 
531395661 264 
532532483 155 
533385978 248 
534212993 244 
534514994 258 
535125807 252 
535160213 239 
535318546 250 
535663831 240 
536687118 239 
536895899 542 
536984949 242 
537461910 257 
537786940 237 
537956189 225 
538626759 131 
540145022 236 
540249713 250 
540645104 239 
541126506 230 
542617870 258 
543113814 244 
543179203 257 
543278194 237 
544107937 133 
544854340 249 
544915772 542 
545847179 237 
545897551 316 
547037424 260 
547442541 243 
547742584 231 
547781708 254 
548076885 253 
548533991 253 
549581686 318 
550600829 242 
551318557 238 
551625109 236 
552658911 244 
553761519 241 
554507117 241 
554846724 164 
556658112 148 
557533625 246 
557996475 253 
558455053 233 
558686595 249 
559794224 254 
559796813 257 
559986019 132 
560238014 238 
560819070 255 
561791318 143 
562390018 254 
562592247 434 
564725566 247 
565734896 242 
566195915 158 
566252514 372 
567338084 252 
567504518 250 
567797795 248 
568267996 252 
568871493 225 
569228401 242 
569465133 250 
570584129 235 
571820718 245 
572622042 227 
572684818 231 
573428349 253 
574441767 144 
574840477 254 
574992932 138 
575490347 250 
575946799 133 
575999332 135 
576843116 235 
577085724 246 
578298100 256 
578614761 250 
578686227 250 
580158975 245 
580334928 263 
581114539 201 
581277212 240 
581315993 247 
582231806 253 
583246338 530 
584772599 248 
585087068 246 
585160977 240 
586757406 516 
587737500 234 
587804276 234 
589123551 127 
589428945 248 
593344790 247 
597016417 238 
597238412 253 
599473905 254 
599535478 242 
599589276 250 
599685040 242 
600238418 123 
602136719 233 
602528743 248 
603830237 245 
604087491 254 
605888762 248 
607784106 240 
608649981 236 
611351232 153 
611968358 245 
612022250 537 
612154878 244 
613101487 237 
614307757 257 
614316466 243 
614333358 243 
616374314 137 
619124035 235 
619164769 180 
621057285 249 
621809270 249 
623145978 238 
623368927 124 
624082988 242 
624288286 248 
624299507 253 
624719958 247 
625212788 209 
625499583 239 
627605179 124 
630795971 242 
631423856 243 
631859309 151 
632512794 195 
634387600 239 
634704528 150 
635225524 158 
635869044 126 
636586017 236 
639057503 242 
641539110 251 
642549090 238 
644065607 132 
644404749 204 
644968598 238 
645834993 249 
646661522 237 
647713780 255 
649327347 232 
650193295 247 
650689819 243 
650815375 237 
650954343 244 
652512095 232 
652777575 234 
652908349 235 
654092660 246 
654109296 245 
654155498 251 
655104123 553 
655350151 235 
657630637 246 
657816953 252 
658449219 551 
665541848 234 
665898784 254 
666431340 246 
666877076 253 
666947839 241 
668150306 223 
668938388 233 
670904121 213 
671130449 255 
671534633 137 
672885889 242 
673480507 233 
673739509 237 
674122158 243 
674134808 548 
674228958 243 
674408268 240 
674762131 245 
674973834 150 
675110448 240 
675795326 247 
678745493 252 
678814341 211 
679119278 242 
680595056 416 
681000515 254 
681067863 404 
681109933 134 
681311234 248 
681930102 239 
681951674 245 
682298746 250 
683257835 249 
684335214 239 
684420058 251 
684861533 171 
684869100 248 
685139046 253 
685210214 251 
686149188 247 
686453967 246 
687832574 249 
688246806 239 
688530238 236 
690174999 133 
691588065 151 
692435647 335 
692804818 256 
693306537 230 
694587011 120 
696359700 245 
696370627 234 
697565667 237 
697586074 182 
698343275 242 
698530041 246 
698625438 251 
699285119 251 
700229033 254 
700390299 146 
701262494 128 
701527712 249 
702951747 204 
703560523 161 
704637984 237 
705012089 254 
705152476 244 
705314748 240 
705495590 244 
706309148 250 
706434287 243 
707542565 147 
709723870 254 
714190544 252 
714445765 242 
715598618 243 
716144293 249 
716195148 233 
716356228 247 
716622097 256 
716973749 250 
717285296 250 
717323144 240 
717630287 257 
718025452 241 
719377606 242 
719550552 240 
720138525 222 
720167708 247 
720607597 250 
721377781 240 
722451958 553 
722725654 126 
726262619 249 
729540110 254 
730665847 240 
731326096 243 
733002479 320 
733136325 419 
735157364 237 
735865732 245 
736769462 142 
737675442 250 
737818811 245 
738409053 231 
739630885 241 
740089605 156 
740097132 244 
740322066 717 
740350727 239 
741504717 448 
742893211 253 
743022847 144 
743024829 188 
743098682 231 
743277956 250 
743284624 241 
744113203 654 
744329313 239 
745940834 256 
747125171 361 
747778696 129 
747838652 202 
748345263 248 
750484868 241 
751422004 132 
752077167 236 
752153407 170 
752220027 249 
752268083 245 
753096758 236 
753483789 129 
755617271 241 
756650837 157 
758153846 160 
759641316 295 
760654830 155 
763495605 291 
764201252 252 
766758913 135 
768042011 241 
768337983 228 
770307379 246 
770553112 241 
771323246 243 
771841667 251 
772119616 251 
772127945 233 
772585286 255 
773779935 567 
774832364 252 
775629266 148 
776120202 250 
776755544 237 
777139710 233 
777855895 266 
778201297 244 
778671637 239 
780053926 146 
782382106 248 
783034381 244 
786135926 243 
787481031 255 
789554887 253 
789967078 223 
791195217 180 
791325107 250 
791758643 237 
792193349 233 
792407646 243 
793340233 253 
793671248 255 
794117256 156 
794742998 132 
795829576 237 
796821066 189 
796851716 177 
797132337 258 
797812099 245 
800672038 241 
801441957 335 
801843378 229 
803139900 251 
803224808 400 
803608158 234 
803965037 247 
804149807 141 
804570341 248 
805389874 254 
805667082 155 
807343672 248 
807580105 248 
807775458 240 
808139892 244 
808600727 241 
808999299 237 
809897170 246 
810988327 243 
813235560 161 
813494183 248 
813503379 243 
813968610 248 
814117794 135 
814412189 250 
814818912 141 
815038376 246 
815655619 173 
815676897 242 
815944582 244 
816530173 243 
817875615 238 
819020555 143 
819585343 248 
819874775 207 
820220016 250 
820289533 148 
820895609 234 
821498301 248 
821862583 240 
822945442 249 
823184332 294 
824471836 243 
824603699 239 
825977258 247 
826067882 239 
827965572 246 
828073817 332 
828266691 246 
828442166 234 
828601355 250 
829061532 245 
829222808 156 
829324036 251 
829909617 254 
830021986 226 
831108679 239 
831323165 233 
831655570 246 
832105256 234 
832401306 144 
832781188 238 
832816198 132 
835196432 155 
837574110 207 
837768997 250 
838078756 549 
838308681 144 
839154259 238 
839544501 245 
841249257 255 
843804675 242 
843809765 244 
845742971 139 
846305596 249 
846899540 250 
847662826 237 
847700611 248 
847975000 241 
848343311 253 
848590904 247 
852982768 413 
853082797 256 
853120151 208 
853235933 147 
854914240 254 
855509776 249 
855584389 526 
856275111 149 
856630657 138 
858910554 142 
858982231 537 
859041113 244 
859585588 147 
859833230 135 
860637948 535 
861560316 237 
861570702 251 
862395956 582 
862885438 133 
864403197 248 
864670986 243 
864868592 245 
865411645 531 
866812978 248 
867471730 249 
867576572 250 
868092344 243 
868372622 149 
868586913 237 
869919622 255 
870907491 128 
871197095 255 
872865648 229 
873766308 236 
874315260 161 
874464780 243 
875660404 240 
876660909 242 
877276926 245 
877707126 243 
878142801 247 
879259445 241 
880236699 243 
881144191 246 
881288081 221 
881537489 250 
883604128 238 
883802017 131 
884494645 253 
884557215 252 
885288703 375 
885326896 238 
886911796 130 
888984628 243 
889947442 254 
891021072 250 
891086914 252 
891195063 250 
891359210 251 
891846110 248 
893235930 538 
893997593 252 
894096128 253 
894317314 234 
894504753 246 
894524670 237 
895229448 244 
895887088 256 
896057442 247 
897973851 242 
898341814 239 
898392881 235 
898789788 235 
899371767 237 
899529665 238 
901392640 243 
901572598 244 
901917139 241 
902309441 544 
902995514 136 
903917072 249 
903996660 145 
904097769 138 
904112652 324 
905781609 254 
906960179 121 
907070247 236 
908097374 172 
908126147 122 
908427764 243 
908817143 254 
910506909 471 
910876351 243 
911116361 238 
911181273 244 
911927951 243 
912146596 250 
912583412 242 
912780421 244 
912995957 232 
913829750 240 
914510132 339 
914557090 128 
915432454 253 
915452393 240 
915699480 187 
916648422 236 
918413888 258 
920330125 249 
921354353 249 
922322997 247 
922589454 550 
922823316 587 
923276036 246 
923509933 156 
924300917 259 
924338417 248 
924599814 256 
927380398 135 
927546129 169 
927819367 236 
928741423 245 
929023653 249 
929374119 204 
930118117 235 
931556448 129 
932654616 252 
933590181 240 
933789010 251 
933906930 561 
934374439 241 
935583812 155 
935885590 252 
936740715 134 
936785336 150 
938390552 148 
939947925 247 
940445712 239 
940544208 247 
941649446 234 
942374930 446 
942912882 246 
943078750 236 
947026060 251 
948165330 245 
948657713 249 
948825296 244 
949779553 245 
950244934 554 
950683299 249 
950853781 247 
951163415 246 
951595715 144 
952467635 147 
953168363 249 
953437546 242 
954173368 234 
954359667 248 
954419929 439 
955305471 238 
956166589 243 
957296883 258 
958740954 240 
959963093 346 
960053017 249 
960934992 247 
961066161 206 
962059501 133 
963133444 146 
964204016 159 
965410254 244 
966724923 166 
967224489 165 
969199452 168 
969961885 243 
970058667 236 
970675213 242 
971209755 247 
971533559 248 
971727770 250 
972605957 141 
973321752 295 
974068533 140 
975152993 243 
975469131 236 
975553910 163 
976198588 131 
976451616 246 
976543325 234 
977796683 254 
978170503 244 
978560515 0 
980258757 232 
980290752 252 
981392422 243 
982934613 249 
983376417 446 
984578212 236 
985539395 246 
988696385 242 
988731488 243 
988845151 170 
988873716 246 
989179905 258 
989950472 253 
990065277 248 
990504281 275 
993366871 239 
993423030 128 
993872076 148 
994287507 258 
994813540 130 
995915336 225 
995936362 246 
996137793 235 
996612855 280 
996808446 241 
997988768 248 
998470807 320 
998817581 145 
999306890 168 
999611930 242 
1002213793 245 
1004632843 253 
1005234068 217 
1005333666 255 
1005883656 224 
1006136847 437 
1010919835 659 
1011950277 234 
1012269076 145 
1014366227 254 
1014508532 245 
1015714908 775 
1016324844 242 
1017517537 235 
1017759197 242 
1019414521 236 
1019610414 160 
1019768470 246 
1019787661 236 
1020228825 248 
1021521830 237 
1022020294 259 
1023145248 233 
1024293684 249 
1024523437 231 
1025130041 151 
1025411162 251 
1025900280 133 
1029291028 129 
1030292440 125 
1030686666 245 
1030919928 247 
1032177354 535 
1033450321 168 
1034074659 239 
1034715364 510 
1035160401 390 
1035907393 243 
1036237117 238 
1037687087 241 
1040466187 236 
1040973108 239 
1041361860 251 
1042101965 254 
1042643186 167 
1042815268 545 
1042832306 245 
1043266732 238 
1043282860 240 
1043350814 250 
1043522363 251 
1043623718 247 
1044422649 248 
1045083640 246 
1045854034 653 
1045874914 236 
1046720968 255 
1048150326 237 
1048813813 239 
1049339844 236 
1052136582 242 
1052452774 243 
1054073071 249 
1054131481 250 
1054580344 239 
1054685600 236 
1054793015 235 
1054854223 240 
1054958813 243 
1057178867 246 
1058846513 230 
1059787942 244 
1059838836 246 
1060178017 292 
1060250672 239 
1060638194 370 
1061399722 248 
1061547155 240 
1062288166 161 
1063473983 243 
1064431664 0 
1066500606 247 
1067344410 242 
1068288821 157 
1069316259 244 
1069514296 242 
1069651854 126 
1071546312 244 
1072813857 260 
1073280033 553 
1073741824 0 
1074551756 123 
1074568992 145 
1075110305 140 
1075294499 532 
1075450975 250 
1075726685 150 
1077572455 252 
1078880276 0 
1079643561 242 
1080177774 247 
1080785669 239 
1081744507 138 
1084262702 245 
1084954750 254 
1085108365 246 
1085227706 250 
1085598538 252 
1089843283 211 
1090093517 248 
1090164929 248 
1090665959 257 
1090738121 422 
1091448200 240 
1093525477 242 
1093954227 149 
1094724860 242 
1095748729 803 
1096760699 247 
1096778207 244 
1097523053 245 
1098905827 142 
1099489491 240 
1099723752 525 
1100323853 239 
1100909455 242 
1102437783 632 
1102913366 154 
1103856049 246 
1104258283 242 
1104514165 245 
1104771727 247 
1104912664 252 
1108808697 242 
1109701377 235 
1111244570 246 
1111378472 256 
1111584329 248 
1111667881 640 
1113277560 127 
1113418557 242 
1114108594 255 
1115160313 257 
1115235425 215 
1116426694 245 
1117243039 245 
1117824204 243 
1118509530 245 
1119293652 249 
1120364890 387 
1120708605 540 
1121163192 242 
1121768523 572 
1122111885 235 
1123286801 141 
1123921186 239 
1124989527 130 
1125632908 156 
1127713838 242 
1129943998 236 
1130575363 153 
1130645691 142 
1131101768 254 
1132078457 245 
1132502197 251 
1132995416 245 
1133471837 238 
1133641707 250 
1134328080 245 
1135587740 228 
1136235746 253 
1137063537 258 
1137329057 133 
1137906596 243 
1138149240 241 
1139320228 244 
1139678706 251 
1139815136 319 
1141672631 244 
1141979810 246 
1142297281 254 
1142760265 242 
1143791866 251 
1144062333 241 
1144263707 250 
1145805995 246 
1146838540 150 
1147467284 251 
1148368552 245 
1148517151 131 
1148693216 239 
1150052795 248 
1150325735 254 
1151040315 242 
1151655215 245 
1152762451 253 
1152790608 241 
1153088251 240 
1154186407 251 
1155074446 242 
1155449208 236 
1156659997 241 
1156679603 231 
1157610272 246 
1157641236 240 
1157748112 249 
1157975062 237 
1157998632 245 
1158105105 245 
1158634479 232 
1158728076 276 
1160177440 239 
1160667967 243 
1163576202 255 
1163609842 232 
1163637801 259 
1163675283 254 
1163972018 240 
1164181635 375 
1166892611 254 
1166953748 246 
1167808373 290 
1167915758 235 
1168075431 235 
1168871911 240 
1170646768 250 
1170714967 533 
1172248947 247 
1172263171 248 
1172439537 242 
1172747833 249 
1173013498 244 
1174448669 252 
1178003644 236 
1178016796 248 
1179640639 241 
1183232211 247 
1185719814 242 
1185749477 245 
1185839378 153 
1188891192 257 
1190357191 254 
1190455586 239 
1190503231 241 
1190737098 259 
1191012388 237 
1191200344 253 
1191501464 152 
1191801531 279 
1192199696 251 
1192292124 243 
1193473263 245 
1195518189 235 
1196155949 142 
1198583695 131 
1198583970 0 
1199490825 231 
1200119585 233 
1200394229 247 
1200399056 236 
1200514886 246 
1201031679 126 
1202282940 246 
1202376593 484 
1202507672 788 
1202619702 149 
1204257107 247 
1204961349 248 
1206532426 249 
1208078230 233 
1208111589 235 
1211171347 249 
1211334620 240 
1212193387 251 
1212675849 250 
1214532556 235 
1215297900 252 
1215630109 553 
1215752984 155 
1215780441 229 
1216640790 256 
1217208078 242 
1217441223 233 
1218202511 246 
1218617012 236 
1218630470 149 
1220133916 154 
1220856847 239 
1222158962 159 
1223561857 246 
1223629836 312 
1225435909 235 
1226212380 234 
1226800778 143 
1227026006 238 
1227214927 245 
1228304848 158 
1228956335 242 
1229410968 249 
1230952565 242 
1231125101 428 
1231690775 240 
1232023462 138 
1232263329 232 
1232280420 247 
1232573822 581 
1233887165 242 
1234597847 248 
1235161406 246 
1236332399 245 
1236431351 234 
1237059255 426 
1237294820 245 
1237691289 265 
1239933623 533 
1240025883 245 
1240795701 232 
1240889449 250 
1242034208 246 
1242871877 252 
1242953705 252 
1243052943 240 
1243280004 300 
1244407912 186 
1245697247 249 
1245847050 241 
1249698034 237 
1250498934 241 
1252154789 159 
1253095716 245 
1255829023 149 
1255973690 145 
1258338282 247 
1260248481 622 
1262643941 141 
1264104452 136 
1264346520 246 
1265269944 142 
1265311610 244 
1267269335 169 
1267496173 280 
1267658530 238 
1267961654 245 
1268952331 236 
1271142648 234 
1271309953 252 
1272380489 237 
1272852975 249 
1272956291 252 
1275764478 251 
1276256187 248 
1277004838 238 
1277893183 201 
1278011503 244 
1279868909 239 
1280288148 249 
1280296608 543 
1280695270 245 
1281956373 238 
1283933163 233 
1284990660 242 
1285199110 252 
1286451699 253 
1288342870 411 
1288430032 236 
1288555919 246 
1288574510 249 
1290717818 240 
1290773418 135 
1291410161 233 
1291968591 240 
1292704332 243 
1293964637 247 
1295655864 172 
1296647704 243 
1298558946 238 
1299705909 250 
1301005682 240 
1302354285 253 
1308117227 275 
1308182498 242 
1308234529 232 
1308487241 247 
1312262920 146 
1312466600 242 
1312755307 145 
1315434166 813 
1315621948 0 
1316931820 236 
1317189345 673 
1317254457 244 
1318664098 243 
1319460306 253 
1320525866 253 
1321121795 238 
1321312087 248 
1323402223 257 
1324991172 121 
1326699825 238 
1326996691 251 
1327051217 240 
1328012278 248 
1329216181 239 
1329254036 287 
1330093256 132 
1330768240 252 
1330955108 149 
1331265511 235 
1331373934 239 
1331710765 132 
1332090422 230 
1332504128 252 
1332519510 544 
1332586807 248 
1333224478 258 
1333819837 255 
1334076800 276 
1334124576 237 
1335018616 241 
1335303721 137 
1335339661 159 
1335774705 246 
1336057531 144 
1336423405 237 
1338646769 134 
1338740708 136 
1339406182 172 
1339722262 230 
1340487026 247 
1341442351 225 
1342176825 259 
1342326808 150 
1343782114 231 
1344095550 239 
1344258755 244 
1344911363 240 
1346621819 246 
1348943912 242 
1349094298 233 
1349177106 241 
1349741770 259 
1350128801 247 
1350816807 246 
1351997186 236 
1352267207 234 
1352591496 651 
1354857890 250 
1355683775 236 
1356587837 248 
1356845212 253 
1357461835 522 
1358673944 241 
1359629214 141 
1360194417 296 
1361218879 234 
1361342333 238 
1362599351 513 
1363757993 257 
1365079366 242 
1366227789 249 
1368394792 249 
1368569698 167 
1368946774 238 
1369530495 258 
1370117682 243 
1371437307 157 
1373565036 232 
1374205998 242 
1375520183 235 
1376717621 241 
1377088515 247 
1379304428 250 
1380620632 244 
1380858080 262 
1380979662 284 
1381143981 244 
1381400918 243 
1381727578 244 
1381911800 241 
1383687321 247 
1385041484 581 
1385508760 242 
1387545270 242 
1390571038 253 
1391489258 232 
1393559183 631 
1394242285 154 
1394348030 248 
1394441062 242 
1395114657 434 
1395127491 250 
1395850630 238 
1396373073 255 
1396858755 243 
1397273964 238 
1397329192 232 
1398024953 247 
1398142763 245 
1399055867 254 
1399219814 248 
1399776861 245 
1400146239 244 
1400757834 250 
1401470009 235 
1402635706 239 
1403015436 148 
1403397438 132 
1406263338 252 
1406649839 245 
1407215296 244 
1407343190 193 
1407497188 241 
1408811201 248 
1409268988 238 
1409894149 250 
1410185993 125 
1410999628 243 
1411273952 284 
1411514565 167 
1413028645 0 
1413340997 246 
1414017251 243 
1414029760 420 
1414357150 244 
1414519362 254 
1418630411 182 
1419495911 156 
1420498794 201 
1421250685 129 
1421444688 252 
1423632779 242 
1423922547 247 
1425359708 158 
1426425532 249 
1428151690 248 
1428289324 150 
1428355361 131 
1428766226 758 
1429663044 242 
1432705474 237 
1433055079 252 
1433391636 248 
1434179240 247 
1434506465 172 
1435268372 245 
1435736269 532 
1435991480 176 
1436533510 252 
1436682711 250 
1437327426 252 
1437350881 271 
1437542916 235 
1438053704 242 
1439908034 251 
1440013637 206 
1440228119 187 
1441289901 130 
1441312977 209 
1444001761 536 
1444003307 240 
1444154148 237 
1445454765 128 
1445919554 237 
1446805443 235 
1446893541 236 
1447901592 247 
1448226500 141 
1448757366 152 
1449006154 234 
1449102917 235 
1449924411 505 
1450186066 199 
1450750382 253 
1451065335 237 
1451211122 153 
1454837217 248 
1455016493 234 
1456400308 240 
1457673576 148 
1457758290 244 
1458308997 238 
1459146678 247 
1459866972 233 
1459904175 235 
1460319024 256 
1461145923 237 
1461521326 252 
1463837986 242 
1464999662 230 
1465409094 243 
1465523943 245 
1466245661 232 
1468113605 127 
1469879329 251 
1470330303 250 
1470819032 132 
1471396715 238 
1472310175 249 
1472540839 236 
1472787226 244 
1473968381 220 
1474669017 252 
1475034491 243 
1476400106 246 
1477178597 130 
1477657394 252 
1478342358 245 
1478367209 151 
1478684277 247 
1478891824 234 
1480232111 158 
1480884279 243 
1482075964 237 
1483082081 247 
1485530715 242 
1486505916 138 
1486720197 235 
1487603061 250 
1487791289 133 
1487833319 237 
1488234995 234 
1488556386 248 
1491775395 125 
1492568150 240 
1493659701 245 
1493931584 130 
1495061145 257 
1495675227 246 
1496028564 234 
1496092055 249 
1497702211 238 
1498932623 242 
1500660015 132 
1501203377 247 
1501651162 216 
1502104510 245 
1503066636 236 
1505005590 242 
1505591905 237 
1505781897 179 
1506873286 240 
1507281406 253 
1507378081 249 
1507661871 233 
1508075715 253 
1508631027 241 
1508839667 241 
1508893514 242 
1509181595 235 
1509686004 234 
1511836675 249 
1511934059 235 
1512026702 137 
1514488731 240 
1515277241 246 
1515962039 252 
1518636371 243 
1518958284 250 
1519807757 238 
1522522031 250 
1523390286 241 
1523814332 244 
1524674072 259 
1525146911 128 
1526007407 241 
1526063302 146 
1526847701 156 
1527170053 154 
1527214236 137 
1527536800 256 
1527885722 247 
1529214106 244 
1529286970 255 
1530136970 230 
1530281426 153 
1531606612 273 
1531890188 161 
1532409178 251 
1533321818 368 
1533536711 238 
1534820058 312 
1534835109 140 
1535468475 240 
1535538565 255 
1536383019 253 
1537545104 250 
1537576537 252 
1537652170 250 
1537692288 247 
1537780134 150 
1538403615 127 
1538539031 152 
1539301996 250 
1539568548 183 
1540177939 242 
1540225814 141 
1541022172 246 
1541243374 143 
1541534483 260 
1541689566 242 
1541738110 247 
1541807071 410 
1543634733 241 
1543716207 245 
1543752246 408 
1544921622 251 
1544984179 248 
1546164463 245 
1546708346 250 
1547135299 192 
1547193731 246 
1547661795 238 
1548573789 252 
1548716388 247 
1549087067 236 
1549594353 235 
1549752327 242 
1550857441 323 
1550992241 138 
1553263473 249 
1553270488 239 
1553550209 243 
1553877816 238 
1554581927 245 
1555204720 238 
1555587909 145 
1556623641 242 
1557291329 242 
1558522755 150 
1559649372 149 
1559771326 180 
1559928116 144 
1560306883 243 
1560565624 246 
1560989027 255 
1561019013 140 
1561424123 247 
1561905526 246 
1562137893 449 
1563297128 239 
1566710074 238 
1567191622 249 
1568815328 544 
1569177510 159 
1569246507 246 
1572047997 242 
1573020007 240 
1574972505 251 
1575610496 236 
1576269701 254 
1577739525 236 
1578241140 257 
1579337946 237 
1579988915 123 
1580273662 249 
1582025908 228 
1583467277 254 
1585209809 173 
1586498139 252 
1586660812 237 
1587049937 242 
1587173299 129 
1587225329 248 
1588184475 204 
1589755781 238 
1590264823 241 
1591630824 235 
1592485656 250 
1592986493 253 
1594932820 254 
1597093224 240 
1597327202 251 
1597978908 239 
1599444215 251 
1599749103 240 
1600724967 243 
1600835591 256 
1601243679 233 
1601494964 242 
1602499209 239 
1602853358 250 
1602981430 600 
1603068498 252 
1603252581 230 
1603555050 259 
1604442859 253 
1604620046 131 
1604674284 0 
1605153284 241 
1605292065 248 
1606631069 234 
1606646783 190 
1607122298 248 
1607184071 519 
1607484455 246 
1608175862 242 
1608383669 243 
1609347328 249 
1609595302 240 
1609716371 244 
1609815484 237 
1611912097 237 
1612004323 548 
1612546629 258 
1614407950 257 
1614444861 142 
1617843813 232 
1618295994 248 
1619064617 243 
1619875099 256 
1620266408 235 
1622225846 255 
1622939567 171 
1624068456 231 
1625293920 243 
1625621029 237 
1627361323 238 
1628691570 238 
1629342152 251 
1629540772 249 
1629724080 245 
1630574973 230 
1630985486 126 
1631696272 250 
1632624041 534 
1632910214 176 
1635678591 230 
1636803836 319 
1638141217 525 
1638557866 127 
1640318425 237 
1640348746 188 
1640818816 255 
1640946234 236 
1641139472 135 
1641541960 531 
1641705283 245 
1643351222 278 
1646814766 245 
1646916219 248 
1647058423 240 
1647829001 202 
1648637948 244 
1648985547 257 
1649236026 245 
1649252932 233 
1650064010 257 
1650607614 242 
1651208320 252 
1651575872 252 
1651721827 647 
1652783219 239 
1653291131 164 
1653311517 242 
1653494145 198 
1655240668 249 
1655522740 238 
1655707249 175 
1661306397 634 
1662931368 246 
1663692164 135 
1664626604 249 
1664648761 261 
1665776702 260 
1668852732 251 
1672483845 244 
1673095519 237 
1673460437 128 
1674212661 243 
1674951310 214 
1675173609 243 
1675329106 244 
1676943268 193 
1677579185 126 
1677949568 245 
1678041424 242 
1680769599 233 
1680819694 243 
1680963198 151 
1682256623 259 
1684222673 237 
1684244705 225 
1684518206 359 
1684810990 247 
1685093563 173 
1686536000 250 
1687319105 243 
1688158183 243 
1688516794 242 
1689690243 137 
1689987099 239 
1690405783 229 
1691090436 247 
1691509538 249 
1692424508 249 
1692575213 134 
1693076331 260 
1693430224 254 
1693431759 247 
1694229655 238 
1694434483 129 
1695136636 361 
1695436133 153 
1695531623 248 
1695881214 600 
1696128775 217 
1696602893 246 
1696814012 255 
1697285837 229 
1697303127 246 
1697357809 218 
1697976044 236 
1699237330 242 
1699404219 503 
1699763076 408 
1700318120 244 
1700690539 128 
1700859313 239 
1701219243 252 
1701569819 168 
1701707942 229 
1701955569 154 
1702592241 242 
1702615958 253 
1703436128 239 
1703893494 235 
1704113907 236 
1704871096 277 
1704950601 248 
1706301634 123 
1706744467 137 
1707593029 249 
1708910244 300 
1709933779 245 
1711108342 150 
1712515566 126 
1714950045 230 
1715439906 242 
1717016860 239 
1717094816 386 
1717146701 121 
1717154578 242 
1717170152 144 
1717503216 332 
1718189119 246 
1718453112 250 
1719596562 255 
1719641766 250 
1720840166 249 
1721346659 233 
1721445087 255 
1722406344 235 
1726341766 248 
1726610226 240 
1726699842 248 
1726902906 239 
1727111929 246 
1727136999 240 
1727449576 245 
1727963385 240 
1728569261 248 
1728921446 242 
1729153134 255 
1730171773 253 
1731319790 245 
1731320682 230 
1732445657 247 
1732597335 245 
1733024103 242 
1733470128 253 
1733503923 162 
1733566327 234 
1735262367 238 
1735511161 233 
1736070824 253 
1737919368 248 
1738535825 144 
1739153219 230 
1739541966 240 
1742017526 0 
1742045807 254 
1742347906 124 
1743042256 216 
1743503369 250 
1743741844 244 
1744113299 249 
1744428957 251 
1744825139 241 
1745123560 162 
1745819670 245 
1746464424 141 
1746649063 242 
1746931417 256 
1747519918 247 
1747588640 172 
1747727851 248 
1748180365 257 
1748801732 789 
1749114679 336 
1749429242 246 
1754123110 242 
1754502001 126 
1756230988 245 
1756413910 237 
1757000869 242 
1757968405 245 
1758499326 240 
1759179007 246 
1760230935 261 
1760877730 249 
1760881460 242 
1764995248 236 
1765451972 235 
1768190234 160 
1769297346 138 
1769317509 239 
1769569806 245 
1769794556 244 
1769907823 247 
1771043332 238 
1773131567 245 
1773252347 129 
1773696080 246 
1773990077 242 
1774286689 237 
1774617599 247 
1774993866 241 
1775495011 240 
1777688777 229 
1778131782 243 
1779900943 236 
1780181481 237 
1781864513 250 
1782190637 419 
1783549920 235 
1784442447 251 
1785445208 407 
1787093283 232 
1787486552 645 
1787586791 252 
1788653458 227 
1789272936 261 
1789291661 242 
1789883126 218 
1790113645 244 
1791401841 250 
1791809067 250 
1795283961 236 
1795467734 247 
1795796658 248 
1796135615 245 
1796340355 228 
1797102762 255 
1797889042 238 
1799197530 234 
1799875455 147 
1800463377 249 
1802337600 237 
1802353954 234 
1803819938 363 
1805134578 252 
1805142873 306 
1805486291 149 
1806019666 234 
1806359173 250 
1807105649 150 
1807488760 249 
1810105495 246 
1810204740 231 
1811058946 248 
1811791047 143 
1812011661 238 
1812536592 231 
1812913599 247 
1813574010 154 
1815031040 124 
1815962657 256 
1817529813 232 
1818212803 248 
1818292577 141 
1818557375 238 
1819213337 133 
1820206648 173 
1820418349 249 
1821535171 250 
1825255810 243 
1825329441 244 
1825851228 254 
1826161276 240 
1827575487 241 
1827973785 254 
1828703253 242 
1829720104 252 
1829775625 233 
1831554771 211 
1831929125 241 
1832382125 224 
1832640015 171 
1833142505 239 
1833230252 249 
1833789359 240 
1833942266 250 
1834643199 240 
1836050635 247 
1836107355 245 
1836114973 348 
1836296204 246 
1837329771 239 
1837779129 244 
1838183825 246 
1838207787 180 
1839722801 149 
1840172691 251 
1842470756 142 
1843174475 238 
1845438409 171 
1847196714 527 
1847386575 252 
1847563303 251 
1850036327 161 
1850404542 238 
1853844640 250 
1853966389 244 
1854145805 144 
1858236682 249 
1858603457 275 
1859356795 240 
1860324629 246 
1862253807 253 
1863744925 244 
1866121626 139 
1867160886 245 
1868148527 178 
1868243914 235 
1868311025 236 
1868448293 238 
1868506723 252 
1870826980 236 
