1  0.033164
1  0.033164
3  7.68163e-05
3  0.0396179
3  0.031095
3  0.0403538
3  0.0361412
3  0.0308294
3  0.0213893
3  0.0253815
3  0.0318551
3  0.0339845
2  0.0114403
2  0.0374003
2  0.028337
2  0.0468005
2  0.159676
2  0.0208777
Energy deposited by this photon: 0.661585MeV
1  0.00064146
1  0.00062931
1  0.00013421
1  0
1  0.00064146
1  0
5  0.00138995
5  0.0211367
5  0.0257641
4  0.00277791
4  0.032256
4  0.0506253
3  0.00280242
3  0.0241487
3  0.0240214
3  0.0260473
3  0.0191437
2  0.013117
2  0.016471
2  0.0234942
2  0.0234204
2  0.0133285
2  0.0378394
2  0.0310175
Energy deposited by this photon: 0.390848MeV
1  0
1  0.033164
2  0
2  0.095507
2  0.0599153
2  0.0485832
2  0.0475544
2  0.0647202
2  0.0501326
2  0.0418056
2  0.0305919
2  0.0321225
2  0.0302931
2  0.0167249
2  0.0314731
2  0.0194816
2  0.025277
2  0.037336
Energy deposited by this photon: 0.664682MeV
1  2.101e-05
1  3.642e-05
1  0.033164
4  0
4  0.0255254
4  0.0279871
4  0.0312317
4  0.0328759
4  0.0391854
3  0.00697161
3  0.0364118
3  0.0540665
3  0.0167551
3  0.0245224
3  0.0246975
3  0.0185999
2  0.0120456
2  0.0580362
2  0.0320672
2  0.0300799
2  0.0306343
2  0.0280771
2  0.0402181
2  0.0197527
2  0.0229489
2  0.0179443
Energy deposited by this photon: 0.663856MeV
1  5.826e-05
1  0.0010554
1  0.033164
4  0.000136055
4  0.0243336
4  0.0388216
4  0.028219
4  0.027482
4  0.0353235
4  0.031491
3  0.0129273
3  0.0186878
3  0.0371508
3  0.00914922
2  0.0100321
2  0.0535224
2  0.036899
2  0.0508487
2  0.0371082
2  0.0618789
2  0.019686
2  0.0207417
2  0.0108265
2  0.0151882
2  0.0243626
2  0.0242348
Energy deposited by this photon: 0.663329MeV
1  0
1  6.004e-05
1  5.826e-05
1  0.00064146
1  0
4  0
4  0.00177432
3  0.00717649
3  0.025703
3  0.0297079
3  0.0256638
3  0.0176814
3  0.0140797
3  0.0253773
3  0.0224692
3  0.0253333
3  0.0254192
2  0.00434865
2  0.0234824
2  0.0251963
Energy deposited by this photon: 0.274173MeV
1  5.15e-06
1  0.00062931
1  0.033164
4  1.90928e-05
4  0.0257998
4  0.03069
4  0.0242016
4  0.0288297
3  0.00191263
3  0.0221607
3  0.022313
3  0.012576
2  0.0186147
2  0.0518336
2  0.0768618
2  0.0428884
2  0.0323176
2  0.0142852
2  0.0302823
2  0.0517007
2  0.062134
2  0.02103
2  0.0266594
5  0.0010554
6  0
6  0.0310436
Energy deposited by this photon: 0.663008MeV
1  0.033164
2  2.03509e-05
2  0.0976393
2  0.0898281
2  0.00695241
2  0.0609292
2  0.0379606
2  0.0395193
2  0.0225596
2  0.0232738
2  0.0242002
2  0.037397
2  0.0321327
2  0.023807
3  0.00086981
4  8.2655e-06
4  0.0603697
4  0.0203892
4  0.0289185
4  0.0249202
Energy deposited by this photon: 0.66486MeV
1  0.00062931
1  0
1  0
1  0.0048575
1  0.0048575
1  0.033164
5  0
5  0.0263125
5  0.0161244
5  0.0232813
5  0.0295304
5  0.00586281
4  0.00250094
4  0.0300705
4  0.0254074
4  0.0123148
3  0.000346326
3  0.0205037
2  0.0219592
2  0.049856
2  0.0447327
2  0.0597235
2  0.037001
2  0.0365417
2  0.0188144
2  0.0289607
2  0.0205524
2  0.0220799
2  0.0242905
2  0.0339459
2  0.0282856
Energy deposited by this photon: 0.662507MeV
1  9.63e-06
1  0.00086981
1  0
3  0.00273554
3  0.0149646
3  0.0207454
3  0.0190312
3  0.0338545
3  0.00250218
2  0.03608
2  0.109197
2  0.0315487
2  0.0417917
2  0.0396796
2  0.0225849
2  0.0329228
2  0.026887
2  0.0175695
2  0.0345791
2  0.0112285
Energy deposited by this photon: 0.498782MeV
