250 79.0346
1559 662
1744 80.7509
2905 394.614
7011 662
8634 260.596
9013 410.713
10402 662
11819 12.2922
13621 169
13756 662
17131 403.767
22790 459.177
24397 662
27529 19.0453
28537 393.227
29067 662
30305 153.521
30370 662
30397 662
31143 190.454
32420 662
35086 662
36627 123.801
37521 343.376
38348 415.647
39743 270.859
41435 208.775
45675 662
46208 341.141
46315 66.3278
47653 21.0618
50061 662
52338 330.294
53129 662
56415 228.22
57458 399.122
57817 662
58001 662
58417 662
58768 135.337
60152 349.248
60944 189.827
61422 662
64121 662
64806 503.471
67396 159.941
67852 297.52
68184 165.048
70649 378.981
71980 662
72924 662
76729 23.2801
76906 662
78327 430.808
80127 75.7131
80703 166.498
81949 662
82683 461.68
84833 414.912
86478 662
88525 662
90742 662
90751 662
94990 123.407
95313 662
95735 422.687
96785 662
97851 111.393
99368 662
99724 662
100210 662
100657 463.463
101249 103.352
102654 662
102929 461.157
104376 662
105054 662
105730 662
106219 209.748
106721 662
108071 348.245
109643 445.617
110273 117.854
110989 662
112321 662
112370 216.967
113720 662
114016 662
114231 662
116720 662
117310 128.431
117465 662
117801 462.224
117945 410.629
119823 372.87
120145 339.343
123612 242.842
124025 662
125523 662
125693 662
125850 199.196
127068 662
127189 662
130335 662
130807 662
131122 429.775
135354 662
136274 195.632
138354 305.212
138629 662
140811 310.77
141121 246.183
142967 662
144305 662
145099 662
145897 662
146420 457.665
148244 113.375
148279 81.1372
148395 144.785
148778 233.371
150445 234.735
151389 662
153466 240.186
155494 51.9735
155816 80.9935
156484 662
159838 287.509
160558 358.195
162442 662
163118 662
164205 291.05
164922 662
165496 74.2071
166746 22.3199
166972 367.952
167276 227.513
168465 662
169891 662
174471 662
174855 149.636
175575 412.677
175631 662
176253 662
182654 662
182864 58.7333
183693 409.776
183967 178.942
185106 662
185109 662
185965 662
189527 42.0292
193843 662
193925 471.939
194239 294.076
196398 662
196498 219.961
197180 420.294
198019 287.639
198047 300.229
198189 662
198506 662
200749 662
202704 467.735
203073 196.243
203159 239.016
203547 169.778
204738 662
208979 662
209990 162.974
210581 119.939
211780 662
212881 135.35
213441 232.809
213848 137.015
214821 331.489
214872 662
216244 662
217422 554.432
219352 243.24
219720 662
220654 662
222925 439.861
222974 233.931
224544 450.98
225471 662
228906 662
232440 662
232682 119.36
237168 497.226
239225 384.979
241884 350.134
244415 41.0104
244949 662
245341 662
246389 34.2923
246960 662
248410 74.5995
249231 74.047
249309 78.8936
251747 662
252906 662
253451 5.71937
254059 197.372
256373 662
257403 662
258421 310.286
258584 510.275
258737 662
259652 662
260087 662
265258 166.877
266104 662
266974 110.443
269795 662
270827 82.0685
276123 662
277634 662
279227 662
280625 144.344
280873 34.4073
281042 146.861
281682 72.7911
283612 421.924
283769 662
284998 460.657
285331 67.6358
289083 662
290109 662
290339 662
291740 662
292032 662
293612 662
295285 662
296223 662
297035 73.7908
298099 662
299123 662
299670 252.193
300114 192.544
301305 119.473
301319 662
302152 662
302544 662
302893 662
303205 288.471
304377 295.67
304404 492.506
306349 264.568
311005 102.717
311986 662
315591 662
317776 662
320024 662
322697 282.184
326228 331.936
326716 404.324
326985 219.145
329446 662
332067 272.198
333820 662
334108 108.021
334587 74.1384
336673 317.226
337713 662
337835 662
338097 132.119
339477 662
341784 374.734
342266 116.804
342618 485.522
343921 276.829
345102 168.983
346163 127.245
346286 506.451
349309 662
351006 69.917
354292 662
355732 59.6344
357025 662
358376 463.749
359028 307.744
360537 79.9748
361272 431.075
362236 363.103
362240 266.209
363400 339.132
366197 662
367346 662
368524 211.358
370393 662
370875 441.919
371095 662
373367 662
373549 283.282
374616 145.661
375875 239.468
377569 517.99
379904 662
382071 662
385438 354.361
386457 662
388153 662
388444 662
388722 662
388745 662
388924 152.762
391012 244.816
391726 531.885
392602 150.434
392934 468.632
393771 417.629
395816 300.992
396479 395.008
399399 662
402417 435.358
402625 662
406646 662
412272 370.775
414293 383.178
418920 114.19
419551 277.544
421445 471.603
422921 402.142
429845 662
430225 662
431060 662
432393 372.428
434028 360.419
435592 195.889
435725 309.619
436132 440.152
438048 535.756
439205 408.971
442569 289.039
446150 662
447118 662
447154 339.76
447467 662
448708 312.299
449528 662
450328 662
450677 662
452226 247.866
454753 71.9483
454791 256.395
457618 136.455
457766 662
458715 662
463501 662
463908 662
464074 662
464219 662
466355 189.946
468071 662
469919 662
470256 453.874
470756 421.554
471676 150.241
472072 275.007
474228 49.0008
478683 165.033
482442 457.246
484261 662
490124 455.889
490674 662
491313 49.8729
495418 662
495797 67.6514
497377 354.998
498399 662
499893 78.8754
500557 341.776
501652 429.119
510149 662
510714 376.57
513758 45.5135
513925 75.3689
515402 5.11528
516078 662
517506 448.02
517597 226.013
517686 662
517863 81.3101
517996 662
519265 453.086
520396 452.424
522288 662
523857 172.685
524362 246.265
524872 662
526277 356.82
526648 214.861
527286 307.497
528773 441.183
529455 662
529875 114.663
530728 473.63
532788 662
533944 261.984
537053 662
537821 288.942
538246 662
549023 209.218
549109 289.461
550233 470.015
551801 662
552620 662
553394 662
554372 366.469
555098 118.812
555166 101.23
555646 662
555666 662
558704 662
560522 662
562203 376.43
563385 662
563492 60.5785
565982 279.256
568561 338.709
571754 125.928
573164 323.316
574719 662
577216 429.679
577652 19.7334
577912 662
577999 662
580067 662
586911 461.793
589286 662
589302 424.721
589706 61.2577
590874 388.626
593275 662
593486 367.828
595374 278.42
597465 312.092
598363 26.8699
599268 662
601650 662
601822 662
603785 662
604350 202.313
606189 233.312
606703 662
611636 407.845
612002 295.903
612434 662
612613 662
613339 32.0502
613478 662
616546 226.486
619032 662
619462 368.908
620130 662
620545 534.275
622421 662
622527 226.821
623615 662
624048 68.981
625476 187.467
626439 314.209
626675 157.376
631603 662
631898 662
632802 242.758
633175 662
633532 350.128
634702 662
634822 80.8153
636558 662
638280 662
642939 428.97
643179 662
645149 662
645499 662
646790 662
648785 471.566
651303 319.717
651875 662
654695 662
656474 153.261
656832 662
659355 374.224
660397 65.0719
661326 662
664152 662
665299 309.471
670884 662
673112 662
676669 439.863
678223 662
678887 8.86898
679229 439.8
680713 662
682107 662
684796 91.0615
686012 662
689464 418.438
689925 662
691488 250.028
693823 56.915
701529 125.031
703011 278.209
703985 662
707837 84.5353
708746 662
710882 662
711236 662
715525 378.994
716318 662
724303 494.394
724359 662
725509 315.89
726447 662
727856 467.493
729168 360.752
730396 351.128
730504 662
731429 662
732837 662
734987 662
736883 170.304
737201 76.4294
738941 662
740610 477.201
740647 417.501
740650 662
741972 662
743026 16.3626
748369 147.1
748911 662
751013 662
757074 268.978
757596 662
759267 26.1752
759505 412.11
764114 662
764809 72.3244
765769 662
769349 662
770023 143.016
774326 662
774741 662
776561 200.235
777164 662
778250 662
782762 662
785980 662
786226 287.403
786940 662
787191 314.317
789459 435.933
791332 146.525
792008 662
792611 662
793483 408.127
795546 662
798256 543.107
798262 662
798291 245.176
801150 294.194
801951 662
804861 327.777
805791 38.4696
806221 662
807864 662
812104 662
812456 75.1214
812579 226.919
814982 662
815845 662
818117 662
818202 662
818945 391.784
824518 662
824891 662
825689 662
827774 267.476
827853 662
827870 662
829011 662
829046 183.021
829136 350.849
830172 256.932
830856 662
831774 261.855
832239 115.079
832434 332.196
832554 662
833497 161.092
835920 662
836253 662
838002 240.516
840422 168.724
841163 42.889
842444 662
842501 231.107
845105 662
849248 299.062
849657 662
849702 662
851374 376.02
852001 213.742
852841 32.2501
854563 662
855323 82.6003
857799 662
858334 662
858718 361.258
860042 662
860926 662
864770 99.9186
870759 662
871195 415.263
871966 39.8217
872023 662
872660 503.215
873545 662
873932 151.333
874272 662
874645 261.528
875203 662
876460 662
877973 662
878203 431.665
879702 662
882954 285.21
884925 662
885427 662
885858 443.563
885883 264.965
886000 210.276
886692 120.814
886751 662
887285 358.831
890805 662
892448 453.08
897805 662
899314 202.676
902235 662
902708 16.3281
902787 237.979
903670 662
905797 662
906612 122.966
910098 47.7264
911208 422.203
911603 150.806
911966 662
913124 662
913759 662
920703 662
921109 557.148
922478 58.4129
923514 662
924154 333.415
924161 662
924559 232.362
926460 126.817
927901 408.321
929049 98.7539
936836 662
937237 474.125
937968 165.335
944237 406.588
944996 662
945501 441.555
945709 662
946465 454.995
949536 205.332
949777 365.647
950573 662
952323 174.64
953486 662
954759 381.453
956915 662
957618 39.7914
958539 125.65
960434 662
961122 102.846
968014 662
968467 331.561
971239 662
972229 662
972298 296.677
973919 662
977518 378.499
977678 281.191
983399 89.9799
985160 246.429
986697 44.3024
987141 662
987279 117.887
987456 389.826
989201 662
989588 224.26
997470 135.722
997733 662
998313 662
998985 378.489
