7 226.316
154 662
235 662
276 662
492 662
596 662
604 662
610 662
656 662
717 204.643
724 132.647
801 299.65
802 411.858
803 225.18
858 364.942
913 287.288
980 499.286
1146 77.9567
1194 436.569
1273 230.431
1339 662
1479 662
1918 333.935
1944 136.676
2041 662
2473 297.266
2886 662
2899 662
3094 53.9698
3129 662
3211 662
3279 136.519
3401 200.771
3505 223.385
3605 44.9198
3642 128.027
3657 90.3357
4192 395.992
4510 15.0955
4902 84.0327
4910 662
5059 279.942
5065 283.944
5128 314.104
5187 662
5209 662
5372 303.143
5547 264.057
5654 662
5958 180.824
5963 662
5972 441.099
6026 662
6379 662
6775 662
6865 662
6931 210.248
7062 141.462
7372 383.29
7810 385.994
7890 662
8081 135.655
8432 662
8646 469.467
8733 550.593
8769 662
8770 662
8802 422.576
8810 662
8881 662
9170 662
9302 662
9473 293.344
9687 662
9853 387.894
9856 4.18945
9933 459.398
10079 662
10303 271.752
10403 662
10460 294.312
10613 662
10727 117.474
10810 344.782
10949 662
11432 57.6882
11863 333.128
12003 662
12152 662
12173 662
12179 130.548
12191 462.786
12482 662
12512 662
12546 237.601
12745 662
12778 132.532
12815 4.32407
12950 662
13076 662
13256 372.48
13450 95.9117
13661 662
13774 662
13948 407.072
14203 45.0159
14480 662
14714 662
14843 662
15027 121.998
15383 662
15430 88.1365
15458 197.935
15540 662
15608 662
15753 370.385
15769 662
15984 662
16011 662
16145 354.164
16201 50.3326
16274 662
16288 662
16474 662
16615 662
16864 157.528
17099 56.0526
17107 662
17138 217.663
17281 662
17446 283.035
17709 662
17811 60.1593
17870 60.5444
17986 144.864
18285 662
18322 662
18682 191.736
18701 182.913
18706 430.114
19161 218.593
19239 318.188
19519 662
19524 332.932
19529 662
19570 662
19712 373.799
19756 662
19847 662
20256 662
20365 662
20432 662
20510 662
20513 396.149
20757 75.5246
20950 662
21123 662
21526 662
21642 662
21705 39.8065
21963 662
22169 363.387
22206 662
22217 1.10453
22297 662
22369 662
22436 291.463
22475 662
22587 662
22617 662
22698 662
22706 92.3876
22841 662
22974 38.0512
23125 662
23142 170.957
23173 662
23313 401.525
23390 404.619
23522 662
23576 22.3913
23662 662
23694 186.715
24056 426.812
24479 662
24669 662
24723 662
24900 206.46
25080 342.131
25175 28.906
25203 280.773
25210 381.798
25430 662
25449 662
25699 54.4026
25789 662
25834 662
25879 77.7185
26009 436.363
26322 662
26441 19.5061
26538 662
26575 141.945
26910 448.376
26974 242.942
27007 662
27457 74.189
27467 662
27719 662
28094 662
28253 662
28637 662
28790 38.6585
28797 314.479
28803 662
28834 662
29119 448.617
29198 437.232
29460 309.413
29484 662
29488 662
29552 96.6707
29660 454.847
29758 662
29824 383.297
29931 662
29932 662
30058 662
30178 269.075
30272 662
30385 280.237
30401 276.397
30458 248.934
30462 662
30509 662
30540 662
30618 68.7459
30649 662
30671 662
30770 662
30855 232.642
30857 662
31036 662
31264 475.136
31657 410.6
31665 332.208
31678 662
32057 278.874
32678 662
32813 345.44
33055 2.84275
33240 372.772
33259 291.242
33319 662
33440 662
33445 291.689
33854 662
34018 662
34036 132.451
34055 161.161
34108 297.623
34331 179.335
34550 297.983
34767 662
34806 662
34871 303.169
35121 19.8603
35555 279.513
35571 662
35760 422.869
35854 662
36142 461.213
36480 184.229
36483 662
36584 323.511
36634 662
36776 662
36785 323.298
36793 81.7712
37181 101.615
37420 662
37650 662
37818 223.598
37886 448.477
38145 662
38503 662
38522 469.082
38541 662
38687 662
38887 303.124
39020 662
39055 250.08
39299 373.063
39385 454.844
39580 662
39867 338.361
40036 662
40613 78.0062
40627 662
40666 662
40692 662
40841 662
41040 182.737
41092 662
41178 662
41250 662
41289 662
41374 3.79509
41473 662
41770 388.603
41824 325.211
41829 662
41877 249.14
41927 662
41965 247.917
41984 183.481
42072 662
42464 662
42546 662
42667 413.196
42751 182.918
42845 662
43066 662
43368 662
43433 662
43798 299.699
43913 139.486
43943 662
44124 662
44379 662
44386 314.202
44513 116.651
44603 394.427
45297 439.609
45304 517.078
45533 85.1785
45608 52.5229
45627 662
45632 144.382
45729 422.337
46126 662
46178 662
46199 284.042
46416 390.453
46694 662
46817 662
46854 662
47018 662
47021 662
47061 662
47154 464.865
47205 662
47310 349.588
47431 262.816
47443 662
47640 276.421
47814 164.499
47826 662
47914 662
47965 461.429
48028 662
48337 56.5514
48462 662
48582 128.439
48662 239.534
48785 328.379
48823 662
48910 662
48988 182.605
49003 662
49046 154.563
49230 211.866
49336 662
49444 662
49471 662
49497 662
49525 662
49930 662
49996 27.0579
50153 160.632
50200 662
50256 257.923
50257 662
50434 662
50835 168.657
50989 370.803
51128 662
51177 662
51194 263.252
51285 662
51323 662
51347 662
51400 292.388
51647 44.2126
51657 14.1358
51664 662
51955 662
52341 662
52346 662
52734 662
52793 114.764
52806 662
52879 662
52908 662
52915 510.585
52965 662
53047 662
53051 662
53258 662
53615 662
53749 662
53822 292.142
53845 279.709
53987 87.5738
53997 662
54062 513.058
54065 662
54201 190.796
54223 150.118
54334 662
54359 272.557
54991 662
55346 65.4967
55380 662
55657 662
55690 215.793
55872 662
56046 240.289
56167 168.643
56414 662
56624 662
56652 375.927
56670 49.7158
56758 662
56797 269.859
56945 418.559
57079 261.607
57107 165.618
57186 662
57240 181.944
57460 662
57810 132.995
57811 662
57906 662
57955 177.379
58381 662
58695 662
59204 85.3274
59343 243.275
59513 61.4192
59546 9.31518
59616 80.7922
59719 662
59767 423.145
59918 662
60050 662
60059 662
60240 399.46
61020 662
61262 357.693
61401 171.46
61493 9.65459
61502 662
61626 662
61687 108.031
61914 104.87
61934 662
61964 189.312
61982 662
62013 317.437
62188 292.938
62204 662
62240 298.646
62472 378.401
62496 662
62811 662
62972 662
62977 234.04
63066 359.841
63135 154.855
63227 452.425
63286 662
63289 662
63453 151.58
63659 147.9
63679 662
63805 167.997
63812 662
63978 662
63997 27.6044
64112 662
64515 387.573
64575 662
64678 662
65107 662
65201 229.292
65861 464.88
65913 662
66581 423.591
66595 662
66666 339.333
66792 662
66908 662
67000 33.1024
67030 362.305
67034 203.343
67146 662
67268 662
67299 197.612
67452 662
67523 662
67541 662
67782 390.943
67809 348.247
68162 246.445
68178 662
68521 61.5515
68657 662
68828 98.1952
69007 662
69010 230.714
69254 662
69276 662
69543 662
69767 292.433
69846 329.286
70121 445.246
70209 210.885
70230 662
70501 662
70883 662
70912 426.697
71039 190.602
71086 662
71259 662
71692 446.838
71807 396.629
71828 394.884
71953 662
71985 157.364
72006 662
72359 662
72416 194.31
72452 123.274
72460 662
72557 662
72676 662
72758 105.718
72848 94.0375
72960 662
72988 662
73154 23.0698
73257 464.014
73298 662
73676 60.0818
73679 662
73732 662
73804 662
73805 662
73901 662
74175 662
74240 49.598
74268 662
74494 181.189
74504 471.941
74623 662
74704 431.716
74788 3.80275
74975 662
74997 390.528
75106 662
75138 662
75383 452.348
75520 487.513
75700 662
75737 662
75816 662
75949 662
76015 450.771
76022 280.381
76096 389.377
76241 23.3621
76352 662
76819 662
76833 662
76904 1.62254
77036 461.784
77222 362.402
77266 11.7521
77274 662
77340 148.854
77344 409.094
77347 662
77817 662
78038 262.391
78074 84.1499
78232 662
78244 662
78256 662
78457 662
78616 61.7383
78687 275.209
78760 662
78778 378.951
78816 662
78993 662
79014 170.242
79186 285.075
79255 177.155
79439 662
79536 453.556
79643 662
79660 662
79904 662
80103 147.306
80175 662
80286 662
80383 219.985
80452 662
80554 662
80666 662
80728 662
80869 662
80998 662
81272 463.279
81335 662
81618 179.042
81788 662
81807 662
81907 391.775
81916 505.364
82245 200.327
82274 415.639
82471 69.8822
82588 394.793
82726 210.52
82830 662
82852 256.689
82896 662
83043 456.489
83329 662
83347 414.902
83353 662
83569 662
83771 89.6625
83789 359.28
83900 662
83968 662
84294 152.416
84341 123.661
84645 360.823
85204 72.7438
85235 298.136
85488 65.5036
85603 662
85706 662
85736 368.376
85850 530.914
86660 165.787
86749 371.129
86903 382.636
86959 662
87027 407.557
87139 662
87230 19.3691
87399 391.915
87479 662
87561 662
87647 364.276
87709 379.323
87716 339.791
87893 662
88041 662
88290 95.2461
88464 315.694
88628 469.455
88677 662
88725 662
88847 662
88850 431.092
88880 662
88886 386.707
88897 316.741
88971 662
89050 398.604
89147 172.84
89218 283.322
89324 60.7563
89352 9.48787
89466 297.561
89496 662
89891 662
90269 662
90369 158.692
90374 662
90590 470.199
90705 340.483
90948 158.415
91210 662
91409 662
91429 662
91467 20.51
91512 406.461
91592 662
91844 6.89056
92181 328.825
92308 662
92433 355.631
92478 326.424
92495 54.1744
92504 662
92542 95.7479
92680 662
92691 662
92891 662
93033 662
93046 662
93221 31.2632
93281 32.1174
93415 474.611
93470 35.5786
93528 662
93600 662
93643 103.617
93972 662
94227 662
94259 469.887
94576 202.741
94592 662
94666 62.1028
94958 662
95128 662
95157 282.301
95232 662
95256 386.033
95308 195.629
95435 662
95447 662
95550 662
95612 228.703
95810 662
95939 662
96545 422.942
96685 662
96919 466.905
97030 260.187
97245 247.49
97536 478.595
97670 388.14
97814 297.352
97841 84.0818
98127 662
98245 662
98295 358.363
98382 662
98769 452.168
98781 662
98924 662
99205 135.58
99544 374.62
99938 662
100271 662
100518 662
100559 20.5168
100583 12.7234
100608 204.964
100655 316.496
100825 275.447
101311 101.34
101404 292.15
101436 264.88
102080 662
102142 662
102224 662
102351 210.807
102433 97.765
102461 447.763
102474 278.069
102496 56.6978
102530 662
102668 256.533
102692 662
102963 662
103061 381.726
103129 662
103212 161.583
103290 373.963
103562 273.305
103875 662
103884 458.218
103907 7.58846
103941 662
104034 311.915
104280 486.993
104446 117.044
104559 662
104689 357.712
105385 662
105664 662
105726 400.273
105797 662
105867 52.9673
105944 662
106108 314.46
106133 508.426
106167 49.3176
106303 662
106435 337.386
106494 662
106728 662
106785 662
107109 252.953
107495 284.974
107873 123.603
108072 662
108074 234.797
108088 662
108096 662
108574 115.079
108746 662
108758 239.444
108776 662
108852 2.52769
109664 662
109938 53.1517
110085 477.593
110244 662
110292 662
110293 69.0844
110296 132.758
110323 662
110369 662
110527 662
110607 272.744
110677 241.18
110773 662
110799 662
110863 99.0169
111300 662
111434 474.98
111734 662
112085 254.612
112109 662
112135 662
112221 662
112298 92.6514
112306 75.9749
112416 662
112477 63.1882
112687 297.865
112929 31.8796
112984 287.648
113177 662
113360 363.696
113381 116.857
113473 662
113513 662
113660 65.9303
113780 662
113815 662
113833 344.554
114030 662
114051 662
114081 462.354
114092 662
114222 157.493
114843 662
114856 662
114945 11.8043
115165 64.3642
115189 375.818
115478 3.09954
115645 662
115816 62.3396
115921 662
116084 662
116140 494.152
116151 662
116184 662
116400 662
116411 662
116499 325.609
116585 662
116694 662
116765 194.898
116978 256.712
117039 662
117156 662
117510 97.2333
117593 345.07
117690 58.8272
117707 662
117843 662
117936 139.197
118003 662
118108 662
118190 24.0018
118204 235.473
118393 465.17
118445 662
118637 662
118754 100.893
119020 35.8852
119146 463.586
119227 267.918
119432 98.1417
119805 245.003
119847 32.0753
119939 462.389
120492 415.097
120501 92.1797
120703 440.863
120806 315.042
121257 662
121527 44.7649
121556 662
121643 100.035
121663 252.734
121690 145.088
121930 338.677
122140 662
122145 455.888
122151 221.986
122200 662
122823 31.9827
123001 240.222
123073 662
123310 61.1883
123349 662
123391 662
123937 405.654
123950 662
123964 84.8408
124130 662
124212 662
124623 70.2702
124736 662
124875 662
125849 662
126066 25.0581
126089 662
126197 239.555
126233 662
126315 378.247
126728 257.959
126914 662
127071 662
127149 245.555
127262 662
127284 354.52
127450 662
127554 103.273
127580 662
127627 132.528
127802 662
127895 408.313
128038 662
128066 662
128147 259.345
128205 453.814
128221 662
128232 662
128418 662
128990 3.9771
129037 627.037
129390 278.021
129461 662
129523 335.858
129575 235.293
129753 137.028
129916 662
129991 435.586
130122 75.8529
130280 152.488
130411 381.953
130471 158.471
130527 662
130670 191.686
131241 662
131539 436.751
131561 121.891
131986 215.652
132135 662
132234 662
132238 462.631
132294 289.827
132454 662
132530 662
132597 662
132872 662
132974 662
133194 465.734
133250 662
133341 51.0151
133482 662
133524 662
133698 662
133737 662
133858 374.169
134011 241.621
134048 424.326
134420 219.582
134472 412.337
134493 226.553
134505 662
134812 482.4
134813 662
134912 662
134957 88.9472
135141 662
135187 662
135253 662
135263 662
135571 409.296
135717 662
135816 662
135825 470.985
136152 662
136199 364.915
136237 338.811
136418 662
136646 662
136703 662
136841 101.437
136919 12.4035
136929 662
136945 247.373
137054 95.1012
137216 662
137279 90.0869
137305 662
137710 411.939
137824 662
137827 662
138006 662
138117 662
138293 662
138330 234.401
138353 662
138420 105.757
138425 46.4182
138507 662
138622 400.312
138665 662
138672 435.975
138695 662
138707 57.2526
138758 662
138797 40.1301
139097 392.228
139189 192.491
139263 150.531
139545 113.151
139645 462.002
139719 662
139793 662
139975 451.207
140071 248.699
140221 662
140241 662
140254 223.03
140540 662
140620 662
140674 662
140807 172.82
140960 67.7879
141030 369.936
141115 131.184
141373 662
141440 662
141622 415.054
141917 188.349
142008 411.333
142102 272.091
142107 465.855
142142 162.215
142232 210.563
142433 374.744
142746 662
142773 662
142923 662
143071 662
143336 662
143376 118.017
143641 662
143663 662
143686 210.893
144089 662
144131 662
144250 662
144319 72.4318
144559 165.773
144616 210.861
144713 330.002
144853 421.991
145054 119.839
145094 44.6207
145188 662
145254 339.333
145451 68.0561
145474 662
145555 263.041
145938 349.081
146057 662
146117 662
146204 396.891
146239 662
146376 662
146664 202.676
146833 662
146973 662
146981 662
147019 662
147110 662
147117 370.211
147225 337.953
147360 662
147923 252.55
148163 140.653
148249 213.47
148276 508.747
148433 662
148521 454.793
148564 662
148587 433.338
148597 275.772
148656 49.9052
148664 662
148685 413.806
148880 662
148954 662
149041 467.92
149278 662
149337 30.1583
149504 662
149640 207.616
149706 662
149867 360.072
149868 467.575
149918 225.352
150046 662
150144 662
150283 473.191
150498 662
150639 662
150791 662
150861 662
151096 662
151216 662
151223 662
151279 662
151442 95.7549
151459 662
151689 662
151886 662
152004 400.484
152160 455.153
152538 662
152642 213.361
152656 662
152682 362.084
152808 662
152968 662
153166 75.5038
153186 269.783
153297 441.904
153329 662
153538 288.273
153569 662
153799 184.656
153974 662
154280 252.89
154387 223.427
154401 662
154445 280.223
154736 662
154957 662
155206 662
155238 662
155451 662
155500 662
155579 11.7712
155704 247.867
155759 390.635
155867 221.785
156275 85.8
156508 13.0989
156640 29.9719
156914 474.952
157103 51.8316
157105 662
157230 75.0019
157324 358.053
157345 662
157353 323.581
157396 118.866
157456 163.693
157571 662
157825 662
158124 662
158342 662
158925 356.769
158959 662
159113 311.153
159126 182.197
159222 367.98
159254 248.415
159343 432.054
159384 191.859
159586 336.971
159650 281.651
159743 662
159757 662
160004 118.268
160040 247.946
160475 662
160730 662
160910 662
160949 152.45
160950 662
160969 154.924
161095 662
161189 331.732
161641 32.164
161681 354.724
161717 163.459
161782 193.285
161988 662
162062 168.454
162124 662
162156 662
162178 26.3652
162180 281.524
162370 220.103
162441 92.6197
162450 662
162615 237.427
162862 118.181
162934 237.028
163043 213.767
163159 662
163180 662
163202 662
163293 250.996
163449 662
163528 175.247
163743 94.5831
163792 662
163802 662
163822 662
163856 33.3265
163857 662
164007 662
164106 662
164290 152.231
164330 662
164442 662
164594 129.574
165137 662
165182 445.331
165314 50.3292
165385 223.258
165551 37.9205
165666 662
165681 376.978
165715 525.045
165782 662
165840 48.1477
166028 463.292
166378 196.689
166422 662
166454 662
166485 662
166578 487.935
166654 662
166748 662
166838 169.39
166892 272.44
167211 9.24331
167231 320.037
167311 662
167473 2.6192
167692 662
167719 506.657
167827 662
167890 156.863
168064 116.326
168123 662
168310 53.2846
168340 477.688
168350 390.431
168800 141.534
168838 6.72402
168864 662
169022 662
169924 662
170007 662
170128 662
170134 662
170177 96.3167
170216 195.526
170504 662
170756 415.79
170776 662
170837 220.082
170938 662
170986 662
171124 262.174
171257 363.949
171395 662
171433 662
171462 162.141
171693 450.839
171979 352.222
172024 17.7597
172098 662
172501 662
172538 662
172597 469.292
172627 301.582
172714 438.381
173021 182.796
173062 662
173346 662
173421 126.342
173505 662
173743 662
173788 149.914
173856 460.977
173926 19.1145
174099 466.309
174194 45.8688
174349 26.6959
174425 662
174436 662
174461 662
174468 363.326
174502 662
174616 662
174695 662
174696 9.43211
174741 662
175309 662
175417 662
175513 64.0289
175670 317.599
175719 662
175815 516.767
175964 662
176081 662
176369 149.52
176759 121.955
176893 662
176986 137.73
177454 459.748
177646 216.985
177656 281.389
177714 662
177783 662
178024 662
178073 448.19
178083 418.068
178362 228.862
178374 54.1788
178553 662
178560 121.919
178589 662
178706 662
178742 257.321
178754 125.077
179213 662
179267 136.082
179318 662
179338 197.384
179366 212.198
180183 662
180243 662
180408 662
180449 147.575
180497 194.982
180727 662
180747 662
180772 387.533
180791 473.518
180799 190.473
180808 662
180939 662
180945 169.617
181048 662
181081 114.604
181223 36.3087
181246 662
182021 662
182043 352.123
182071 662
182073 662
182112 662
182567 312.881
182645 19.51
182727 662
182792 374.125
182847 96.1598
183207 662
183210 103.485
183351 662
183445 218.611
183592 286.378
183943 662
184018 662
184046 393.254
184072 166.462
184108 662
184274 95.6864
184292 399.315
184369 662
184480 368.312
184583 662
184839 662
185087 662
185172 118.103
185204 238.549
185283 662
185319 662
185651 443.927
185695 662
185730 662
185963 119.93
186025 662
186101 45.7285
186240 450.742
186683 662
186920 662
186923 27.3117
187136 363.489
187282 662
188121 413.339
188172 514.692
188385 662
188470 662
188698 225.519
188761 662
188883 277.301
188887 315.138
189234 410.553
189332 124.904
189366 662
189400 96.6443
189426 662
189597 662
189634 511.05
189834 46.0828
189855 662
189935 257.037
190028 283.638
190210 253.095
190586 373.127
190611 361.382
190644 208.512
191349 107.991
191453 662
191598 451.515
191709 44.5935
191711 662
191978 309.115
192059 662
192180 451.675
192215 662
192254 17.6043
192298 71.0372
192652 662
192735 662
192898 94.4794
192954 54.1355
193090 404.55
193563 662
193834 662
193903 158.605
194073 300.238
194224 662
194278 662
194384 662
194711 662
194834 216.298
194846 662
194973 662
195057 662
195184 662
195335 662
195338 662
195404 662
195603 662
195646 352.775
195688 279.978
195741 662
195781 117.66
195885 662
196176 325.629
196293 662
196574 662
196707 465.77
196723 149.366
196754 662
196770 173.943
196772 321.913
196952 113.478
197164 662
197195 662
197202 662
197488 56.5259
197637 419.841
197744 379.726
197866 662
198079 115.393
198186 123.736
198283 472.472
198584 419.928
198708 509.59
198789 100.887
198798 151.046
198822 339.1
198909 662
198972 662
199098 134.412
199333 378.581
199363 662
199568 90.5543
199631 662
200076 156.183
200098 2.71596
200181 115.591
200259 449.777
200346 662
200516 662
200652 662
200679 46.0064
200799 353.266
201716 381.348
201769 394.816
202019 662
202914 662
202923 662
203429 429.118
203538 662
203685 662
203727 23.8666
204047 459.279
204214 70.7978
204594 53.0615
204621 427.175
204711 433.877
204878 662
205501 662
205590 662
205715 439.827
205768 169.605
205857 662
205975 315.185
206058 662
206156 151.46
206262 662
206629 662
206680 101
206812 438.803
207067 662
207099 662
207145 105.802
207149 182.362
207557 662
207709 662
207786 662
207802 362.605
207839 662
207961 662
208415 38.1955
208477 452.942
208630 662
208699 231.616
208812 662
209054 241.104
209196 662
210222 662
210232 219.844
210307 384.592
210308 662
210489 662
210499 381.219
210602 662
210664 246.595
211121 244.5
211130 23.6684
211168 662
211314 662
211360 662
211444 49.5861
211914 662
212037 139.85
212059 662
212061 662
212069 112.625
212109 48.1865
212469 147.75
212520 339.861
212856 63.3139
213465 60.0795
213521 662
213541 466.954
213705 425.404
213835 662
213975 111.228
213983 662
214362 253.419
214625 551.51
214744 125.087
215117 662
215362 344.046
215373 75.2305
215481 662
215543 201.396
215547 396.794
215591 222.673
215722 282.943
216355 662
216514 662
216535 662
216626 434.495
216638 156.165
216671 105.772
216704 367.158
216714 79.2764
217204 662
217230 662
217272 329.532
217361 662
217373 179.964
217930 344.8
218147 333.844
218175 662
218194 249.883
218279 99.701
218398 662
218522 68.0166
218553 57.419
218663 201.558
218862 305.242
219000 41.037
219184 215.851
219230 662
219379 124.487
219530 350.189
219667 262.115
219797 209.423
219802 16.6448
219822 662
219920 662
220343 231.371
220489 254.693
220553 380.662
220557 43.208
220731 394.738
221060 108.14
221132 389.99
221216 404.645
221632 662
221708 662
221718 662
221807 662
221814 662
221815 662
221886 662
221889 662
222163 340.26
222404 83.3763
222513 662
222704 30.0204
222945 338.234
222954 361.18
223270 466.669
223313 243.022
223529 62.7656
223585 314.189
223699 662
224420 317.406
224545 288.271
224627 147.454
225250 662
225255 61.06
225288 105.907
225368 31.3539
225443 102.499
225614 203.958
226250 662
226335 662
226497 207.475
226508 281.02
226514 249.944
226544 662
226778 440.852
226943 378.616
226970 137.43
227079 460.991
227353 30.9726
227364 662
227441 662
227475 265.12
227582 662
227909 662
228009 452.203
228491 296.422
229059 234.277
229220 475.475
229265 662
229320 662
229396 399.539
229542 662
229547 511.622
229604 439.789
229711 240.105
229811 662
229937 662
230040 662
230238 307.673
230642 395.594
230894 662
231038 662
231518 323.631
231534 662
232089 662
232213 662
232433 17.0288
232472 444.598
232477 119.677
232481 459.884
232771 662
232835 335.656
233166 355.16
233836 662
233978 171.043
234004 662
234083 276.597
234097 104.576
234197 99.1522
234215 662
234403 662
234450 353.234
234463 662
234593 167.531
234626 241.704
234708 238.717
234781 662
234820 275.298
234956 662
235196 165.368
235207 662
235223 298.671
235256 662
235275 38.7747
235600 407.384
235662 36.1959
235743 662
235756 409.3
235783 662
235965 662
236390 314.849
236406 662
236425 223.898
236426 16.2253
236535 662
236579 662
237053 662
237159 662
237263 662
237449 357.362
237867 662
237911 662
237958 662
238016 183.019
238065 174.757
238231 374.05
238251 266.079
238353 427.731
238371 662
238432 75.4975
238670 341.779
238731 662
239157 46.311
239188 477.657
239245 457.596
239348 360.346
239404 662
239550 194.512
239579 75.533
239621 662
239947 460.173
240147 662
240268 260.08
240308 662
240573 662
240691 662
240701 662
240782 662
241243 65.2007
241619 467.642
241662 662
241806 383.317
241857 262.025
241866 407.362
242294 375.174
242391 662
242633 662
242854 385.707
243112 662
243159 476.932
243215 108.738
243305 66.6116
243314 662
243576 662
243842 383.276
243929 63.7292
244056 662
244207 662
244215 662
244564 662
244763 662
245014 473.236
245015 34.8604
245193 204.482
245196 467.323
245339 662
245483 662
245496 321.85
245514 147.559
245678 127.952
245686 662
245830 662
246013 662
246093 116.948
246221 264.768
246321 662
246444 61.9298
246570 473.494
246630 148.023
246673 662
247016 89.4706
247029 662
247161 194.73
247271 662
247546 662
247547 662
247566 662
247647 162.415
247824 283.069
247901 662
247987 662
248449 44.0396
248490 348.466
248607 271.909
248761 662
248777 230.748
249039 662
249055 319.122
249184 662
249276 662
249299 285.079
249749 662
249830 524.364
249866 662
250121 398.9
250365 111.925
250432 21.5299
250497 662
250765 662
250976 459.93
251129 334.438
251137 662
251258 369.421
251595 333.914
251866 186.717
251963 662
252019 507.776
252232 159.341
252237 662
252260 390.56
252474 662
252486 662
252544 662
252609 429.421
252908 320.146
253123 662
253152 662
253169 17.5413
253182 662
253380 662
253407 662
253502 447.238
253623 253.92
253684 262.071
253776 473.237
253796 59.7544
253871 466.553
253890 241.877
253992 662
254395 95.3535
254540 662
254578 662
254667 128.094
255056 662
255275 300.675
255287 452.062
255502 662
255947 662
255962 316.074
256124 320.2
256250 662
256290 370.026
256358 662
256542 146.235
256627 662
256674 662
256675 455.101
257092 662
257151 662
257291 662
257356 126.235
257454 662
257610 44.6302
257758 491.271
258147 243.783
258222 170.887
258330 258.671
258475 662
258556 21.0704
258748 662
258759 169.69
258888 662
259060 662
259194 307.811
259313 662
259437 379.503
259484 662
259743 662
259752 489.211
259777 380.111
259822 363.994
259925 60.9786
260139 235.694
260184 662
260221 100.781
260499 662
260622 225.728
260674 209.508
260738 216.509
260843 662
260969 372.256
261448 65.5976
261525 328.07
261989 662
262636 80.446
262797 662
262863 662
262873 330.646
263057 662
263360 395.479
263441 11.54
263571 662
263938 15.2792
263999 662
264069 479.72
264252 200.586
264446 470.152
264493 232.507
264520 439.83
264532 662
264660 66.8169
264725 206.482
264909 662
265052 107.777
265065 662
265170 161.195
265261 662
265376 662
265469 31.0427
265788 662
266027 662
266038 274.246
266096 662
266150 196.773
266259 30.0305
266371 662
266426 662
266431 662
266479 662
266563 188.91
266889 662
267138 662
267185 662
267229 215.357
267444 141.844
268020 662
268369 178.503
268415 294.235
268437 662
268621 34.6174
268880 187.005
268923 249.52
269074 662
269174 662
269790 262.615
270036 442.179
270073 662
270190 450.364
270248 662
270273 457.795
270384 464.329
270508 662
270513 335.965
270733 662
270738 662
270896 662
271049 662
271267 332.247
271664 662
271679 662
271881 323.245
271930 662
272008 662
272086 662
272092 157.273
272182 662
272300 121.686
272539 662
272702 662
273105 662
273114 367.583
273170 662
273230 441.951
273320 662
273340 662
273384 137.844
273434 323.414
273654 206.91
273750 662
273785 662
273819 662
273821 662
273924 122.765
273984 662
274450 662
274790 310.451
274813 424.03
275085 662
275094 662
275157 128.131
275188 662
275373 264.75
275583 662
275616 121.648
275984 302.448
276060 184.878
276063 662
276451 262.365
276504 303.659
276517 485.841
277010 369.525
277146 309.129
277454 662
277539 662
277592 358.282
277671 354.579
277696 114.842
278174 662
278260 397.575
278448 320.195
278561 3.99989
278687 504.016
278785 311.988
278879 375.23
278968 403.389
279162 662
279335 662
279359 270.612
279361 92.6014
279369 276.727
279374 662
279428 662
279499 662
279548 662
279622 662
279629 154.276
279679 662
279913 662
279927 187.788
280045 662
280284 662
280473 662
280590 217.704
280596 286.357
280842 171.165
280950 662
280957 227.364
281016 317.996
281032 437.779
281337 450.297
281382 205.225
281692 662
281916 662
282155 63.3933
282290 93.9376
282326 662
282411 662
282461 662
282589 662
282613 662
283174 662
283243 228.881
283288 341.613
283435 97.4788
283470 476.451
283525 662
283541 662
283754 92.4232
283809 211.014
284126 456.57
284163 662
284544 226.325
284648 263.051
284701 662
284757 662
285007 662
285177 258.672
285187 662
285304 662
285373 224.233
285450 662
285524 421.279
285529 476.967
285545 124.49
285664 662
285700 662
285751 662
285911 662
285954 408.807
286041 72.6547
286086 662
286118 3.32475
286179 267.868
286187 662
286309 452.725
286576 662
286577 330.828
286768 286.84
286812 394.731
287213 59.9696
287668 448.478
287725 102.527
287797 452.151
287904 662
287986 375.121
288076 140.042
288494 249.718
288495 662
289085 342.212
289143 464.373
289472 662
289517 662
289555 662
289848 662
289910 662
290101 183.516
290660 662
290732 662
290953 662
291004 662
291052 113.909
291384 662
291408 662
291452 662
291522 240.806
291648 662
291809 476.178
291873 662
291969 226.174
292061 152.619
292126 42.8083
292181 662
292319 177.841
292336 227.625
292354 662
292404 662
292714 195.774
292843 81.9732
292932 204.128
293429 129.878
293523 193.714
293525 662
293660 475.822
293932 123.97
294094 282.956
294125 318.361
294329 662
294335 662
294654 662
294659 335.218
294906 662
294915 662
295106 662
295296 662
295470 101.698
295616 399.518
295759 662
295837 662
295967 662
296156 662
296264 367.815
296272 662
296498 662
296596 662
296720 662
296853 662
296955 37.4476
297209 419.554
297252 469.374
297258 328.784
297997 662
298217 435.497
298333 215.241
298472 374.529
298475 662
299096 662
299400 662
299606 320.631
299642 94.2956
299656 473.998
299810 417.118
300025 392.455
300183 115.471
300319 357.049
300419 378.235
300630 224.046
301094 64.7467
301228 662
301280 662
301303 192.814
301672 248.011
302040 662
302113 662
302369 249.319
302455 662
302748 231.231
302795 662
302885 56.6672
302961 235.283
303194 662
303196 62.9831
303426 662
303449 366.405
303967 339.779
304089 662
304140 662
304332 444.886
304393 33.6356
304444 188.558
304736 274.182
304871 662
305069 89.3051
305129 42.2993
305144 470.604
305273 395.811
305594 662
305647 662
305809 240.154
306364 662
306549 662
306618 662
306631 80.1343
306651 662
306744 463.294
306825 662
306832 69.5455
306927 185.523
307058 662
307152 662
307330 662
307339 100.254
307378 247.319
307404 141.773
307533 662
307681 662
307688 70.8862
307762 305.1
308003 187.275
308080 662
308105 662
308153 662
308231 286.537
308306 438.908
308314 159.977
308365 447.25
308495 345.721
308523 89.7008
308731 662
308788 319.575
309030 662
309085 662
309158 662
309285 662
309884 97.1123
310010 146.358
310014 662
310074 662
310093 662
310154 62.7856
310584 662
310666 475.289
310820 662
310909 662
310985 189.502
311125 393.54
311182 21.223
311428 83.402
311504 138.329
311529 375.854
311598 423.416
311692 56.0742
311821 397.899
311973 266.16
312050 662
312186 48.3787
312923 480.968
312990 662
313025 662
313050 662
313081 216.211
313270 662
313331 662
313353 662
313430 662
313520 197.942
313526 662
313622 453.077
313765 662
313781 462.506
313947 331.056
314196 179.482
314242 662
314424 662
314460 164.986
314467 395.073
314562 662
314626 128.02
314753 425.137
314761 428.034
314815 423.659
314960 662
315262 407.587
315273 662
315323 662
315673 223.137
315726 662
315727 662
315761 452.936
315786 662
316333 156.716
316401 53.8205
316590 327.873
316672 662
316872 662
316901 135.155
317025 662
317444 395.092
317777 662
317784 292.545
317792 662
317874 662
317894 662
318491 662
318566 157.386
318632 177.499
318640 662
318691 662
318798 13.1238
318855 233.196
318896 371.33
318990 662
319026 662
319242 429.799
319305 81.0819
319336 662
319645 662
319680 662
320073 3.88296
320374 280.65
320383 662
320615 662
320751 147.726
320760 662
320973 662
321047 662
321142 17.9681
321300 662
321419 662
321735 662
321767 99.3306
321876 662
321923 662
322379 662
322474 400.557
322497 277.188
322694 259.634
322755 417.178
322815 272.815
322838 221.42
323403 662
323532 396.385
323871 368.163
323945 365.833
324033 413.599
324038 461.633
324118 403.372
324119 5.3374
324283 406.213
324344 208.024
324379 232.438
324576 662
324711 55.0909
324810 662
324929 662
324971 216.865
324976 414.063
325474 402.372
325479 662
325663 52.3894
325862 66.4978
325878 459.489
326675 408.347
326771 374.923
326888 662
327060 662
327069 8.77189
327173 662
327264 168.937
327509 381.178
327653 6.85727
327708 662
327794 662
328038 470.963
328224 662
328303 84.1773
328369 662
328383 662
328638 662
328862 445.294
329254 662
329585 281.201
329607 662
330040 662
330097 416.425
330297 197.63
330446 662
330777 436.926
330948 17.0465
331024 77.6264
331163 662
331312 69.4328
331502 662
331685 662
331817 485.836
332018 662
332202 405.339
332242 126.823
332395 33.6389
332521 662
333004 662
333186 662
333257 662
333361 328.038
333487 662
333750 662
333752 84.1409
333779 499.656
333937 662
333955 662
334249 662
334537 662
334571 36.6157
334664 662
334772 662
334879 662
335061 273.388
335369 395.7
335381 11.7159
335569 157.73
335587 662
335594 97.4196
335651 250.517
335676 662
335682 476.136
335758 662
335899 65.2403
335987 150.714
336156 662
336172 662
336326 662
336459 662
336474 662
336525 166.891
336566 299.636
336573 374.6
336606 662
336748 662
337031 662
337073 320.78
337099 662
337261 662
337943 64.7448
338203 662
338568 662
338786 324.631
339081 662
339118 662
339322 132.474
339651 662
339744 662
339786 662
339831 430.343
340376 334.698
341017 94.2105
341067 109.083
341142 492.509
341325 330.14
341385 152.582
341702 54.9665
341885 662
342176 80.2363
342207 662
342210 662
342432 662
342752 111.355
342857 68.5097
343182 662
343322 662
343559 150.455
343733 662
343752 662
343789 190.28
343850 662
343870 662
343902 662
344009 377.319
344029 662
344117 426.901
344198 75.5426
344423 662
344584 340.168
344609 50.6511
344809 662
344815 295.528
344854 662
344889 662
344917 662
344960 94.0149
345571 662
346000 15.5808
346033 342.12
346065 423.391
346116 197.347
346482 662
346534 662
346557 397.467
346948 125.22
346970 662
347508 662
347616 435.063
347622 137.441
347715 53.1806
347785 662
347871 287.683
347889 662
348067 662
348194 303.306
348226 196.558
348409 662
348741 129.973
348748 662
348870 662
348873 321.099
349027 662
349143 285.197
349146 662
349227 392.421
349276 662
349300 397.212
349369 89.2351
349376 110.842
349587 662
349750 662
349788 662
350043 662
350045 662
350524 662
350539 450.176
350544 662
350630 662
350687 662
350785 662
350867 417.763
350996 315.596
351032 458.276
351261 662
351395 99.761
351605 135.507
351823 662
351850 142.658
351957 662
351974 662
351996 253.318
352339 662
352615 75.2577
352638 238.403
352680 101.198
352824 171.015
353022 345.557
353060 662
353071 662
353119 271.101
353141 662
353354 139.177
353524 662
353661 50.6903
353733 199.789
353737 279.43
353844 354.956
353914 62.8953
353987 662
353989 662
354107 29.4837
354652 319.376
354660 662
354748 151.068
355030 13.0163
355059 378.735
355209 78.8519
355235 510.803
355264 662
355272 182.756
355909 408.094
356409 99.5668
356446 662
356595 662
356636 472.933
356767 308.312
356819 199.056
356923 662
356950 9.5865
356975 662
357005 662
357040 241.178
357047 662
357132 662
357586 662
357771 662
357916 46.7265
358199 369.114
358228 231.863
358377 205.707
358378 662
358549 662
358632 662
359105 662
359129 662
359192 662
359280 662
359354 462.593
359618 662
359885 662
359947 629.763
360042 210.805
360093 310.843
360101 662
360149 37.7952
360182 662
360258 662
360340 662
360632 234.152
360909 307.195
361163 137.912
361337 662
361382 662
361772 662
361905 662
361920 662
362030 458.644
362530 662
362786 662
362807 32.1951
362967 436.982
363071 480.486
363088 205.333
363234 460.996
363380 662
363742 85.8475
364013 662
364157 662
364432 662
364443 662
364570 662
364688 662
364734 662
365154 476.693
365881 95.1951
365915 662
366029 470.857
366179 56.0111
366291 662
366383 662
366468 88.6775
366474 662
366478 662
366528 416.489
366802 24.4051
366807 449.578
367032 662
367118 59.8261
367134 24.9331
367266 662
367339 38.6287
367351 351.514
367519 61.2982
367533 662
367636 236.473
367643 662
367680 455.125
367892 450.608
368185 300.409
368189 447.584
368311 283.582
368493 309.219
368557 662
368609 135.212
368612 662
368629 662
368635 368.219
368654 662
368683 662
368878 662
368950 662
369014 41.3581
369203 249.466
369511 306.959
369538 662
369592 146.347
369938 662
369940 86.6073
370236 662
370257 479.735
370473 662
370736 39.374
370769 662
370854 66.5446
371004 342.922
371067 662
371093 662
371133 662
371370 662
371427 662
371565 662
371664 96.5357
371681 662
371800 171.532
371912 383.091
372343 662
372433 516.803
372453 289.679
372611 662
372714 662
372934 298.29
372962 255.506
373203 304.555
373258 51.3349
373319 662
373338 51.0576
373403 662
373453 368.621
373514 58.6406
373781 391.151
373790 348.154
373877 319.987
374080 662
374417 662
374532 33.1296
374610 662
374646 224.549
374864 158.045
375049 164.366
375124 369.1
375215 240.661
375240 662
375258 272.224
375497 394.102
375638 662
375688 662
375748 103.128
376090 290.601
376127 274.569
376200 245.209
376270 117.926
376608 662
376765 332.516
376810 662
376943 662
376965 6.90981
377127 662
377172 43.7057
377177 452.528
377453 478.86
377672 662
377838 662
377852 529.725
377872 662
378073 388.643
378105 662
378171 303.35
378242 249.861
378318 662
378642 662
378835 184.964
378876 153.679
378915 461.219
378979 259.03
379287 3.19623
379357 444.406
379826 662
379950 343.072
380059 662
380080 402.921
380261 662
380342 662
380443 205.187
380635 200.794
380640 405.168
380686 397.911
380866 416.686
380938 262.944
381485 662
381578 662
381692 662
381830 662
381898 662
382015 662
382018 466.006
382042 662
382064 47.6438
382077 427.915
382387 662
382406 383.931
382415 662
382437 374.509
382961 662
383071 662
383221 250.891
383670 662
383802 134.269
383876 353.759
383915 67.7751
383952 295.818
383992 366.879
384051 662
384286 662
384310 114.742
384334 662
384889 504.384
384999 423.338
385202 662
385258 662
385353 662
385435 662
385542 132.384
385563 458.997
385613 470.833
386244 142.318
386269 290.116
386274 120.192
386282 478.93
386865 123.09
386922 662
387016 343.39
387549 222.536
387600 473.53
387682 475.656
387704 662
387867 234.464
387998 662
388018 662
388089 662
388112 37.5735
388138 662
388410 467.612
388491 662
388574 210.94
388599 662
388645 662
388750 78.7361
389166 662
389417 450.687
389525 233.625
389581 662
389623 5.62324
389634 167.277
389671 250.074
389768 270.639
390100 149.329
390324 662
390426 662
390474 662
390945 662
391163 662
391236 95.0934
391340 444.54
391522 662
391736 360.063
392289 79.2103
392431 194.439
392599 662
392632 399.72
392703 662
393102 519.475
393145 74.1907
393209 662
393322 662
393486 662
393689 336.731
393828 662
393853 459.528
394162 39.3115
394232 662
394267 662
394645 365.526
394678 434.502
394720 662
395001 662
395073 662
395335 662
395429 662
395433 662
395548 84.1938
395908 662
396267 40.6835
396324 471.995
396643 56.2853
396712 662
397020 464.888
397103 662
397344 189.186
397438 662
397606 662
397637 399.422
397662 662
397822 662
397984 458.827
398127 662
398155 475.567
398410 662
398444 662
398615 293.645
398811 662
398857 447.34
398883 662
398913 662
398966 662
398978 662
399167 662
399421 434.011
399457 662
399834 662
399949 662
400014 311.25
400046 3.39711
400197 662
400275 662
400277 134.833
400488 662
400491 662
400733 473.426
400834 18.3092
400852 662
401072 106.483
401116 662
401137 368.695
401397 258.934
401439 662
401529 58.4394
401568 377.392
401609 26.5374
401684 440.844
401930 662
402105 662
402202 662
402307 662
402679 361.157
402694 662
402762 662
402763 215.822
402828 662
403023 662
403026 308.268
403518 662
403623 226.437
403743 662
403786 662
403848 466.407
403935 429.363
403961 662
403988 465.622
404016 338.9
404103 58.3582
404632 69.9755
404778 59.3848
404799 250.096
404941 662
405256 662
405448 415.082
405502 132.382
405510 139.609
405597 45.6147
405642 447.37
405703 328.344
405769 662
405948 466.476
405959 447.086
405994 522.888
406178 186.757
406669 313.135
406715 662
406803 662
406831 282.374
407071 662
407125 2.5701
407132 662
407305 47.2505
407509 135.727
407637 662
407677 662
407761 662
407793 308.229
407876 368.367
407900 468.919
408232 662
408233 60.7453
408235 662
408269 662
408287 37.2433
408524 662
408784 223.209
408908 662
409126 32.9554
409130 366.103
409209 35.2453
409240 459.781
409381 189.016
409409 190.15
409604 118.952
409726 316.207
409735 191.855
410046 421.138
410071 662
410073 336.563
410150 344.868
410195 662
410657 662
410978 662
411200 398.11
411227 662
411278 149.084
411550 662
412084 662
412191 176.893
412206 38.3542
412265 662
412606 415.48
412616 342.122
412627 662
412918 437.289
412967 50.7666
413163 662
413166 105.736
413830 411.544
413890 384.662
414013 662
414046 190.414
414230 662
414268 662
414370 112.159
414646 662
414705 399.537
414750 475.572
414806 662
415081 662
415146 25.254
415206 106.349
415502 354.576
415920 196.725
415926 662
416006 662
416035 662
416157 200.207
416218 40.3001
416325 662
416343 351.663
416420 435.669
416460 335.764
416514 428.144
416692 662
416804 662
417014 662
417114 337.751
417167 662
417173 662
417178 52.7675
417316 662
417470 244.063
417509 662
417549 19.8564
417579 181.853
417622 662
417711 662
417912 299.877
418173 418.614
418260 197.342
418290 411.302
418343 28.8198
418584 662
418718 662
418796 662
418891 662
419025 662
419031 338.961
419104 662
419233 120.633
419653 75.3422
419655 311.264
419665 662
419698 662
419767 128.36
419989 49.1085
419996 662
420177 280.246
420207 662
420311 104.703
420535 662
420555 11.2632
420640 238.287
421021 662
421075 662
421559 231.757
421561 473.753
421601 208.625
421740 56.5284
422154 211.127
422196 662
422434 308.871
422605 662
422767 257.376
422803 236.639
422833 662
422862 662
423048 662
423210 207.911
423218 12.9239
423284 101.623
423341 76.3793
423619 662
423971 662
424018 207.584
424065 177.202
424067 662
424351 662
424447 662
424490 662
424549 662
424583 442.439
424765 153.88
424792 662
424829 662
425486 662
425630 662
425699 662
425756 421.004
426042 397.785
426118 662
426206 662
426383 662
426437 253.338
426564 662
426680 244.78
426775 662
427056 290.524
427318 662
427320 662
427328 662
427784 629.763
427998 662
428782 319.789
428837 188.325
428920 47.0499
428933 662
428950 57.5048
429066 662
429193 658.458
429284 75.0996
429435 662
429627 340.653
429715 662
429826 318.262
429882 383.418
429940 181.355
430088 662
430343 662
430454 295.761
430458 662
430479 662
430522 662
430645 203.433
430831 193.699
430873 458.874
430881 381.752
430929 239.788
430942 662
430968 662
431130 22.0242
431198 292.868
431462 662
431519 662
431520 662
431669 279.181
432438 662
432492 228.183
432712 662
432858 277.382
433125 662
433170 302.696
433200 662
433317 662
433764 662
433853 118.009
433881 137.62
434026 8.99866
434037 140.412
434129 389.325
434283 662
434422 480.224
434512 662
434565 662
434586 136.399
435173 356.487
435455 192.394
435487 441.739
435503 74.8615
435641 662
435700 662
436017 397.434
436232 474.425
436315 662
436379 476.017
436473 662
436899 662
436964 291.544
437211 168.851
437328 278.086
437547 95.9523
437615 19.8704
437700 168.441
437758 662
437929 662
437943 53.3344
438084 251.467
438339 662
438369 275.569
439175 662
439371 47.2193
439620 662
439894 451.711
439952 662
439960 662
440000 191.295
440018 135.773
440292 4.63881
440382 150.751
440432 662
440466 662
440610 308.002
440686 303.788
440861 662
440882 662
440969 440.398
441189 91.6484
441513 342.974
441656 529.817
441987 445.83
442196 391.633
442215 157.599
442409 662
442421 198.021
442744 50.5709
442791 662
442965 433.602
442969 662
443061 662
443111 96.4334
443148 662
443304 662
443342 662
443358 662
443502 161.9
443633 265.742
443747 154.174
443802 301.333
444515 662
444528 346.186
444746 662
444753 255.956
444925 662
445047 662
445434 662
446072 662
446450 415.975
446522 662
446926 190.08
446951 662
447312 4.17312
447475 69.0143
447542 142.205
447619 662
447667 56.4296
447798 662
447849 79.1038
447882 4.76892
448103 304.9
448397 58.7652
448511 662
448523 662
448654 662
448665 98.0431
448746 130.899
448913 662
448984 662
449010 662
449109 223.318
449131 662
449190 662
449266 390.928
449365 662
449400 84.7893
449579 662
449760 662
450050 662
450416 179.145
450607 662
450692 426.467
450827 662
450929 372.57
451108 662
451109 662
451130 315.747
451527 662
451661 662
451682 298.935
451751 244.55
451880 338.931
452111 462.569
452128 181.032
452233 49.4914
452239 149.354
452788 662
453269 662
453317 285.894
453505 662
453549 662
453578 662
453747 435.815
453919 662
453943 232.959
454037 274.412
454076 377.474
454396 110.259
454663 114.156
454790 662
454875 452.42
455018 662
455040 662
455057 662
455362 662
455467 286.956
455733 479.032
455780 268.998
455812 662
455914 662
456196 662
456242 662
456531 662
456589 394.254
456610 662
456737 362.46
456787 190.813
456855 662
456898 167.445
457066 662
457320 456.386
457328 662
457406 662
457517 662
458285 461.699
458434 270.777
458553 15.5056
458687 172.219
458720 662
458755 424.952
458757 414.768
459078 385.12
459118 662
459194 320.902
459240 353.656
459329 662
459353 662
459484 662
459546 244.559
459704 662
459741 512.8
460311 475.981
460337 662
460389 662
460506 662
460533 662
460673 33.2559
460785 662
460856 662
461209 662
461269 662
461309 662
461394 63.5297
461500 662
461589 195.689
461747 662
461926 662
461968 258.787
462158 662
462195 354.005
462288 662
462704 455.911
462864 219.832
462882 209.961
462947 662
463074 662
463384 662
463577 120.98
463854 412.996
463931 370.711
464360 352.908
464556 423.107
464779 662
464790 662
465007 323.61
465069 662
465098 662
465168 662
465271 662
465412 662
465642 662
465931 501.503
465952 89.7518
466007 30.093
466087 662
466144 262.434
466187 86.6579
466287 314.116
466292 5.19288
466305 662
466328 522.105
466371 662
466492 662
466687 662
466779 52.0203
466867 662
467018 164.104
467068 662
467365 662
467895 662
467907 662
467921 91.9023
468139 662
468180 197.011
468298 662
468521 662
468659 662
468666 12.4703
468999 385.693
469166 49.2177
469421 346.209
469542 662
469721 662
469726 662
469920 662
469968 662
470022 19.6738
470791 396.749
470887 662
470892 329.624
470913 352.853
470983 662
470985 384.437
471068 82.7339
471435 662
471495 405.576
471560 662
471679 264.516
471877 662
471886 74.4428
471964 662
472010 359.232
472017 327.083
472197 662
472467 662
472509 662
472621 266.669
472849 662
472989 662
473015 123.408
473029 231.951
473112 662
473734 347.03
473820 662
473859 662
473888 68.0204
474108 662
474278 662
474452 237.893
474567 662
474628 662
474889 128.339
475457 662
475478 662
475967 372.191
476260 662
476361 662
476403 662
476439 332.588
476866 368.005
476968 662
477105 176.216
477622 159.193
477633 86.0825
477676 258.476
477686 20.092
477903 312.403
477915 94.9855
477925 107.261
477961 662
477991 118.467
478028 662
478455 662
478504 222.924
478552 427.352
478581 377.503
478809 662
479017 320.178
479066 662
479365 296.266
479424 282.285
479427 60.6214
479520 662
479527 59.2322
479794 662
480233 662
480381 383.695
480555 351.052
480598 249.71
480691 39.8588
480907 662
480994 138.295
481157 185.385
481301 128.53
481359 662
481378 662
481411 362.837
481593 199.149
481685 3.13934
481727 662
481850 60.8907
482076 158.749
482195 20.271
482216 163.522
482244 662
482458 37.8422
482487 53.8645
482648 662
482653 468.51
482677 662
482788 662
482858 429.708
482895 369.395
483076 662
483119 349.801
483200 318.727
483210 335.932
483223 166.935
483402 47.0388
483531 504.063
483690 292.78
483703 276.341
484160 662
484294 208.347
484616 662
484652 662
484770 180.353
484820 662
485041 662
485618 384.337
485702 263.38
485771 132.373
486087 662
486193 227.875
486385 333.688
486447 662
486795 87.7811
486928 208.961
486937 376.122
486940 67.0615
487187 662
487875 662
487939 662
487974 662
488036 662
488090 234.596
488124 662
488271 258.741
488422 662
488594 662
488673 468.873
488807 662
489042 32.1112
489089 32.6075
489091 662
489246 90.2094
489738 662
489933 662
489944 105.324
490006 282.878
490038 38.2225
490203 391.622
490265 662
490315 355.412
490561 662
490703 120.236
490789 357.932
490869 323.616
490951 662
491111 335.174
491268 406.246
491287 662
491363 265.968
491373 662
491398 130.254
491489 9.76296
491972 80.0282
492073 17.0526
492488 662
492773 121.319
492795 662
493093 429.282
493373 662
493471 420.528
493584 662
493626 220.895
494387 662
494765 468.257
494905 102.024
494917 455.16
494930 662
494964 122.611
494976 261.037
495029 329.037
495128 218.732
495140 662
495253 40.5421
495693 77.6504
495772 662
495825 662
495961 243.103
496148 297.44
496197 282.263
496208 662
496303 662
496365 68.6144
496410 101.891
496738 131.644
497051 153.429
497186 662
497444 125.473
497595 662
497655 450.158
497677 662
497780 662
497832 98.1831
498021 163.159
498279 279.002
498379 662
498688 395.547
498779 106.934
498801 327.599
498874 302.132
499018 662
499342 662
499363 662
499414 662
499533 111.307
499604 271.494
499693 662
499749 469.141
499828 662
499863 403.457
499904 235.299
500092 144.172
500296 662
500350 662
500507 32.9553
500681 662
500781 662
500829 662
500994 256.288
501155 662
501224 662
501502 662
501566 485.164
501676 406.922
501678 388.377
501877 662
501884 353.994
501926 662
501966 154.141
502047 364.559
502195 87.3715
502519 662
502903 662
503499 363.912
503627 662
503821 662
503828 662
504038 350.433
504043 662
504253 365.872
504391 242.853
504553 662
504588 248.701
504601 343.248
504632 228.183
504750 162.581
504857 662
505408 662
505516 662
505549 662
505580 42.5219
505632 25.9605
505669 662
505676 662
505747 288.427
505757 178.61
506021 16.1216
506140 30.7807
506236 662
506718 387.633
506790 662
507092 662
507178 662
507264 201.816
507502 156.651
507566 662
507679 3.09973
507712 662
507878 348.254
508408 662
508470 662
508472 662
508832 91.8422
509084 426.883
509239 662
509290 27.1223
509365 662
509808 662
509866 467.653
509885 368.756
510392 13.9308
510537 662
510558 662
511283 462.565
511587 331.78
511631 662
511948 662
512004 662
512105 662
512141 662
512159 270.369
512188 662
512367 662
512393 662
512497 662
512601 662
512689 662
512969 51.9395
513003 472.967
513109 398.492
513276 63.9656
513320 329.097
513521 124.567
513594 480.269
513779 662
513857 382.248
513917 662
514587 662
514628 187.3
514994 662
515035 662
515099 329.381
515275 361.472
515319 316.582
515531 662
515545 51.8758
515674 138.459
515940 451.917
516444 662
516476 330.906
516501 662
516851 200.887
516871 430.294
516947 431.53
516956 662
517306 662
517408 662
517571 662
517645 106.768
517709 90.2796
517719 36.6415
517838 662
517964 283.234
517986 131.413
518094 662
518135 100.119
518149 662
518339 411.852
518560 662
518599 662
518627 304.57
518776 2.37786
518836 458.705
518905 423.159
519002 662
519206 662
519211 662
519264 34.6556
519362 280.456
519400 320.754
519544 77.2666
519624 463.408
519734 23.9582
520163 662
520823 352.569
520844 171.881
520907 96.6702
520967 268.013
520984 263.573
521027 662
521299 64.88
521357 662
521455 279.858
521469 231.609
521549 662
521559 120.28
521736 438.382
521868 662
521983 349.344
522245 662
522294 47.8117
522314 456.342
522645 59.7186
522722 357.788
523106 205.093
523430 280.948
523466 270.383
523469 82.5368
523544 662
523557 1.19218
523575 154.435
523817 204.906
523969 367.29
524102 662
524134 662
524200 135.568
524637 193.04
524944 76.0305
525038 662
525048 662
525054 81.9762
525189 361.602
525258 373.23
525362 431.158
525425 662
525526 662
525640 151.106
525838 662
526314 17.3473
526342 240.831
526571 205.278
526599 341.096
526640 662
526675 391.173
527057 141.072
527168 37.5373
527197 141.166
527501 161.595
527651 662
528025 37.2753
528268 140.893
528320 366.346
528331 662
528554 662
528705 662
528754 662
528844 662
528893 662
528896 662
529088 397.142
529253 243.46
529400 449.585
529447 662
529594 16.7605
529598 662
529630 91.7863
529783 170.838
529886 146.907
529980 68.7922
530008 263.114
530073 162.364
530111 206.426
530215 662
530604 437.256
530686 662
530804 227.195
530826 451.764
531119 433.517
531280 290.575
531297 439.246
531303 251.505
531306 662
531323 662
531469 333.673
531471 662
531506 112.988
531585 130.473
531729 383.886
532066 8.95342
532144 662
532147 662
532296 140.275
532331 1.79038
532403 662
532518 662
532645 662
532675 13.6924
532730 51.317
532887 472.785
533119 440.384
533187 662
533435 83.2166
533716 206.57
533731 662
533783 453.406
533798 299.56
534171 662
534312 662
534395 385.325
534672 16.1256
534727 390.908
534785 208.045
534992 69.3672
535103 136.547
535337 662
535736 302.93
535987 662
536088 662
536336 662
536442 662
536485 662
536537 662
536691 662
536919 662
536970 662
537019 452.956
537105 662
537264 662
537343 106.963
537426 662
537481 662
537619 469.361
537682 662
537830 420.324
538176 662
538288 351.366
538426 332.044
538547 308.862
538662 38.7538
538710 261.854
538724 184.02
539009 662
539031 74.7394
539258 662
539722 662
539752 189.186
539927 39.7561
540055 662
540141 323.669
540565 662
540699 454.029
540905 662
541278 662
541352 662
541361 662
541480 662
541494 378.91
541632 142.912
541768 662
541870 662
542102 662
542220 409.211
542380 662
542475 662
543085 224.559
543102 141.15
543185 662
543228 662
543246 347.117
543355 662
543432 75.8701
544081 662
544152 358.891
544207 662
544346 404.351
544402 296.704
544755 662
544979 662
545157 662
545160 662
545554 194.237
545630 310.619
545942 662
546176 662
546207 662
546297 381.457
546413 279.438
546484 662
546575 662
546760 321.694
546833 371.891
546835 662
547105 24.6176
547477 111.028
547481 86.6135
547500 662
547506 662
547634 662
547658 376.927
547722 53.8461
547908 662
547913 239.507
548206 345.235
548608 662
548631 662
548755 98.75
548774 385.538
548788 662
548813 114.93
548835 164.975
548876 31.2009
549240 662
549397 450.706
550015 306.572
550124 662
550176 662
550358 353.04
550751 662
550959 25.0907
550990 196.697
551190 662
551242 662
551610 177.458
551713 162.13
552167 97.4107
552455 84.6559
552459 662
552480 662
552505 468.734
552547 26.2795
552648 662
552878 421.536
552889 322.335
553126 662
553316 662
553552 662
553566 212.675
553984 392.624
554062 662
554078 662
554101 398.361
554111 145.29
554509 378.68
554779 313.191
554818 276.304
554860 662
555083 662
555106 19.4687
555151 160.525
555621 662
555716 662
556215 662
556235 36.064
556450 662
556573 374.46
556627 662
556652 166.648
556657 662
556675 230.938
556677 662
556826 368.226
557088 474.255
557121 424.508
557340 238.043
557375 407.198
557980 383.654
557983 9.73673
558079 123.046
558198 662
558230 662
558322 7.97101
558465 662
558600 442.751
558841 662
558971 662
559090 662
559455 662
559473 491.553
559540 49.9383
559679 134.1
559758 87.174
559902 662
559932 180.927
560387 290.128
560548 229.995
560629 662
560767 662
560939 237.731
560952 662
560975 145.519
561225 662
561242 662
561266 301.765
561333 56.5684
561454 298.487
561594 662
561731 412.388
561732 662
561752 662
561779 662
561898 374.842
562011 243.664
562217 180.181
562232 137.343
562246 213.542
562310 662
562524 342.282
562592 277.982
562641 662
563072 414.234
563149 662
563324 662
563641 11.0963
563824 44.6991
564011 152.352
564462 51.2698
564662 662
564710 662
564793 662
564820 662
565186 662
565574 419.433
565601 662
565905 662
565913 304.418
565996 245.761
566286 264.537
566289 60.9715
566692 116.209
566731 662
566748 268.47
566850 662
566949 75.3641
567068 662
567279 662
567294 662
567902 35.3028
567910 662
567994 662
568175 29.3277
568232 363.507
568830 662
568940 662
569170 662
569175 662
569290 662
569635 15.2277
569748 140.527
569772 227.913
569867 662
570411 662
570777 138.473
570851 662
571053 140.552
571097 377.264
571137 389.331
571284 662
571366 86.6003
571385 662
571444 662
571449 313.262
571793 662
571894 467.911
571896 662
571931 453.979
572182 662
572199 198.721
572224 662
572243 248.29
572373 459.985
572398 203.805
572436 662
572452 45.7894
572544 173.021
572573 445.935
572589 662
572797 4.80343
573065 662
573357 249.732
573454 335.494
573459 240.325
573597 304.411
573725 662
573755 84.1233
573809 662
573811 181.28
573894 416.908
573937 334.666
573953 662
573986 662
574003 662
574080 662
574216 662
574654 662
574669 662
575221 662
575253 137.343
575344 197.88
575421 246.929
575953 318.8
576002 662
576073 473.372
576120 239.8
576354 662
576554 324.115
576579 662
576788 662
576793 395.963
576819 285.548
576855 662
577063 662
577097 165.031
577243 143.502
577279 662
577326 194.503
577341 662
577385 662
577415 269.905
577519 291.333
577583 360.463
577745 147.453
578190 662
578232 462.978
578442 266.315
578455 371.385
578568 324.942
578610 341.597
578935 662
579075 662
579253 195.385
579277 539.816
579333 662
579563 662
579603 662
579735 662
579778 662
579817 662
579833 316.614
579900 662
580007 372.553
580134 174.836
580198 26.4758
580256 456.792
580292 662
580838 662
580933 406.362
580940 484.135
580974 47.1236
581264 662
581292 302.854
581609 662
582003 662
582119 662
582279 662
582354 662
582465 142.173
582562 662
582685 420.914
582864 334.438
583227 662
583314 71.6634
583771 662
583787 320.003
584353 662
584452 57.7995
584454 662
584603 662
584640 662
584663 662
584748 662
584928 662
584961 459.284
585124 299.691
585324 346.971
585420 662
585590 449.315
585720 662
585833 233.83
585844 662
585961 662
585981 279.566
586401 662
586427 71.6997
586460 55.0071
586528 662
586587 662
586725 662
586790 148.064
586855 43.2618
586922 662
586928 662
587377 453.503
587435 662
587737 662
588187 662
588442 662
588447 662
588596 407.738
588691 138.376
588711 662
588746 662
589340 203.37
589632 662
589677 662
589695 80.5142
590012 17.9735
590175 306.154
590193 662
590235 662
590377 85.9264
590394 358.395
590396 132.798
590505 662
590979 340.121
591316 261.663
591436 454.162
591789 353.968
592063 378.444
592185 662
592251 662
592281 34.8486
592322 662
592479 662
592576 662
592682 662
592789 662
593074 159.976
593134 662
593199 301.202
593293 662
593338 662
593421 662
593535 282.541
593603 662
593790 234.662
594013 662
594200 317.944
594230 68.5712
594246 381.024
594337 15.3056
594407 662
594442 54.3114
594752 369.935
594773 32.6481
594919 101.568
595140 662
595241 485.144
595317 249.921
595400 379.706
595570 41.8307
595915 662
595964 323.063
596040 662
596681 228.019
596733 662
596976 662
597148 212.983
597302 173.695
597376 662
597587 662
597606 200.369
597766 158.007
597917 662
597936 26.6882
598095 216.265
598105 468.928
598156 193.059
598181 662
598211 280.585
598247 173.11
598285 662
598358 662
598449 72.1655
598550 56.9845
598692 662
598839 166.917
598921 264.256
599101 662
599150 291.675
599272 249.863
599563 662
599988 493.692
600078 477.636
600146 662
600216 104.512
600286 662
600341 662
600729 342.884
600777 92.6137
601613 662
601652 662
602148 662
602209 247.606
602269 662
602558 662
602828 189.604
603036 662
603078 662
603217 297.903
603610 10.4912
604063 662
604262 662
605243 101.502
605342 662
605392 327.493
605424 417.596
605475 42.3886
605797 228.714
605926 662
606007 457.235
606094 80.9068
606156 54.2778
606227 662
606419 662
606649 42.2452
606678 662
606750 623.216
607057 411.484
607101 152.33
607130 476.585
607134 662
607159 662
607246 662
607338 396.886
607380 662
607404 662
607460 662
607549 662
607559 143.624
607568 224.68
607743 502.139
608241 53.4801
608539 662
608590 315.37
608734 662
608809 662
608850 662
609283 40.0231
609468 662
610517 9.4577
610652 485.889
610685 280.583
610806 662
610838 194.849
611104 113.843
611210 316.999
611263 233.4
611264 142.805
611312 55.7925
611351 662
611364 662
611461 42.1706
611607 166.716
611842 322.104
611860 361.636
611913 662
612178 662
612280 487.247
612430 662
612438 108.793
612543 662
612663 662
612699 477.867
612901 449.822
612925 662
612955 249.843
613133 311.326
613229 26.0404
613513 68.4454
613590 30.0981
613726 451.667
613918 662
614155 49.0602
614473 99.6777
614477 662
614641 662
614686 662
614709 300.742
614713 495.081
614730 662
614832 7.06163
614851 662
614899 375.093
614960 662
615006 418.773
615036 231.02
615110 662
615201 83.941
615449 199.442
615676 151.369
615722 662
615733 662
615756 461.115
615848 416.158
615896 662
616135 662
616416 347.586
616486 662
616720 350.823
616764 662
616983 489.32
617039 293.699
617091 50.3836
617137 225.395
617389 82.7049
617617 258.499
617684 662
617689 236.565
617769 46.1738
617789 662
617821 253.557
617898 662
617941 662
617975 662
618187 662
618240 662
618258 662
618291 309.3
618523 662
618784 372.384
618802 305.266
618857 458.597
619020 662
619028 662
619065 662
619218 306.152
619221 443.188
619244 662
619266 662
619272 662
619273 662
619374 518.024
619438 250.989
619479 152.758
619604 662
619668 662
619938 206.071
620003 352.885
620026 150.079
620335 662
620392 462.034
620549 344.19
620685 107.339
620714 352.008
620739 662
620740 297.438
620872 662
620884 120.077
620929 662
621059 662
621077 662
621161 161.836
621256 662
621360 628.981
621440 225.253
621517 662
621549 662
621601 372.266
621630 357.623
621932 662
622052 342.715
622083 465.982
622205 662
622209 662
622299 662
622439 295.352
622951 662
623313 294.567
623344 662
623410 662
623648 662
623665 181.685
623684 662
623780 83.4537
623795 326.927
623857 467.177
623913 662
623950 37.2552
624136 65.1601
624247 662
624371 151.624
624450 662
624476 662
624538 88.7405
624880 662
624953 94.6689
624989 456.668
625030 662
625327 162.324
625515 662
625634 662
625711 662
625812 662
625957 662
626450 662
626467 662
626487 662
626925 662
627063 662
627136 172.419
627293 662
627314 662
627510 440.861
627623 218.046
627676 13.5777
627681 444.643
627862 662
628578 87.89
628763 123.189
629098 662
629342 662
629392 10.8489
629435 214.676
629484 303.998
629529 437.499
629859 662
630147 238.932
630153 662
630220 223.976
630583 662
630606 263.354
630769 662
631078 662
631316 662
631329 662
631762 662
632208 181.816
632227 662
632452 98.9564
632569 27.9894
632639 662
632736 662
632977 268.159
633058 662
633251 662
633261 257.149
633434 662
633462 128.783
633465 5.81539
633624 662
633665 147.148
634017 662
634075 316.558
634168 15.2515
634175 441.461
634305 240.535
634450 114.717
634483 662
634671 662
634859 662
634892 662
634920 662
635120 391.176
635154 313.025
635191 404.009
635729 662
635781 368.474
636173 662
636196 662
636268 237.419
636305 208.392
636791 271.841
637235 83.396
637271 380.263
637328 237.909
637663 662
637842 662
637851 365.231
637856 662
637883 358.325
637929 408.733
637934 271.559
638137 227.962
638217 662
638528 662
638535 201.376
638715 662
638771 180.426
638781 662
639104 68.7737
639226 662
639520 113.065
639806 122.307
639818 287.487
640153 662
640194 231.711
640220 43.464
640311 93.1085
640319 337.119
640346 662
640660 95.5189
641019 662
641070 662
641183 662
641388 58.0023
641390 39.4372
641504 245.008
641527 662
641653 662
641924 662
641927 204.596
641939 216.601
641995 662
642089 662
642091 121.692
642160 40.208
642205 138.093
642331 86.8244
642388 293.178
642444 322.565
642764 662
642914 662
643560 394.958
643662 408.333
643738 490.252
643788 92.0283
643865 337.891
643884 662
643935 662
643992 662
644035 662
644111 168.565
644131 662
644240 166.349
644321 8.00903
644335 662
644414 662
644433 272.469
644638 662
644751 662
644802 401.072
644860 662
645063 662
645285 662
645368 662
645409 332.261
645433 166.729
645594 662
645599 195.69
646072 662
646140 662
646154 662
646158 662
646225 662
646449 662
646873 662
646941 662
647199 485.556
647363 662
647469 252.409
647487 662
647529 466.001
647667 409.577
647737 662
647861 200.657
647956 662
648105 253.913
648193 662
648239 662
648245 662
648256 662
648553 662
648691 23.6437
648818 17.7811
648868 70.0047
649037 662
649212 185.703
649279 19.5796
649294 662
649344 662
649383 289.285
649384 662
649471 285.438
649541 340.697
649635 179.873
649665 662
650572 185.238
650916 662
650975 662
651140 410.92
651229 326.497
651247 11.9612
652155 130.417
652437 662
652445 662
652534 418.854
652541 406.398
652635 662
652931 369.549
653011 662
653072 499.083
653166 299.26
653252 662
653264 662
653376 316.553
653494 662
653496 662
653581 209.963
653640 662
653826 159.296
654094 662
654214 662
654249 68.3776
654600 662
654722 472.667
654729 45.5816
654857 662
655041 662
655243 662
655402 361.06
655463 481.361
655572 451.498
655629 151.539
655643 662
656088 202.576
656105 495.17
656276 662
656335 662
656691 662
656715 662
656825 82.148
656945 662
656968 662
656996 662
657424 259.776
657570 523.398
657596 469.853
657676 339.505
657726 55.5835
658054 229.826
658218 198.715
658294 662
658506 607.087
658584 113.691
658741 662
658818 72.7255
658820 662
658875 662
658983 19.4284
659057 662
659222 249.27
659230 337.955
659365 662
659403 114.923
659633 662
659683 447.016
659694 156.515
659843 662
660091 9.71518
660293 116.703
660380 363.718
660383 662
660394 662
660532 662
660634 286.95
660777 232.477
660893 662
661199 299.561
661233 75.375
661276 662
661284 662
661297 662
661491 662
661848 240.101
661875 662
662032 106.946
662140 662
662369 36.9232
662793 85.4904
662876 662
662897 121.267
663006 662
663037 117.991
663344 126.272
663358 662
663367 95.4577
663413 67.1788
663799 57.1418
664035 662
664067 218.642
664463 371.553
664469 22.3166
664518 129.175
664645 662
664742 14.904
665084 662
665100 662
665377 441.257
665442 72.0129
666298 662
666462 120.763
666772 339.211
666866 268.132
667024 374.361
667183 662
667274 662
667326 434.852
667502 249.224
667568 104.571
667663 233.834
667683 662
667780 143.692
667901 497.131
668038 448.598
668185 313.152
668278 203.916
668416 123.261
668437 104.687
668481 218.281
668485 662
668581 87.0688
668595 662
668724 662
668878 257.482
668938 662
669029 29.4767
669092 662
669202 662
669483 662
669552 452.885
669577 256.068
669662 107.256
669716 662
669729 662
669853 662
670285 332.772
670318 14.4532
670373 47.7964
670565 662
670714 662
670787 662
671310 202.586
671364 34.2837
671546 662
671579 480.885
671867 144.804
671909 662
672032 440.63
672323 96.2482
672446 662
672970 662
673056 662
673218 217.461
673281 83.3726
673459 662
673519 123.397
673538 662
673648 662
673702 467.818
673738 195.265
674205 153.606
674325 662
674558 336.665
674656 662
675556 662
675826 63.0586
676084 477.846
676182 279.534
676468 224.657
676502 662
676581 662
676706 462.552
676843 662
677058 385.351
677187 662
677422 662
677457 314.962
677693 662
677856 146.934
677968 83.2146
678027 662
678109 365.524
678142 117.099
678155 284.128
678199 662
678449 662
678613 662
678614 461.372
678697 662
678763 662
678989 662
679090 407.731
679244 662
679249 269.224
679262 77.5827
679338 662
679455 239.918
679461 662
679472 324.613
679511 240.789
679673 322.554
679675 476.119
679821 474.217
680012 423.417
680052 662
680436 662
680452 212.093
680466 662
680833 87.4109
681061 383.754
681170 187.218
681399 3.55002
681418 10.4649
681455 583.45
681493 662
681570 662
681718 412.513
681868 662
681878 161.853
682150 123.115
682539 662
682899 15.0337
683030 662
683335 662
683531 662
683552 662
684022 249.459
684219 662
684227 662
684396 152.633
684471 24.1207
684670 662
684974 236.518
685062 662
685131 124.507
685224 330.076
685872 341.275
685894 404.966
685929 286.471
686449 662
686719 662
687017 124.721
687069 662
687199 662
687352 662
687439 662
687625 37.4956
687895 453.325
688033 70.7498
688211 246.82
688484 662
688783 662
688808 662
688895 397.164
688929 662
689277 376.851
689847 455.49
690107 662
690237 662
690242 26.9701
690352 13.5202
690380 463.548
690413 662
690472 662
690740 441.858
690846 93.78
691107 662
691132 155.055
691144 662
691655 218.675
691748 268.104
691867 430.577
691974 662
692085 362.106
692414 63.0333
692600 662
692641 662
693052 306.647
693108 662
693273 662
693469 662
693928 469.122
694003 662
694018 662
694081 662
694219 151.027
694236 662
694249 181.457
694308 662
694352 248.767
694779 392.138
694854 202.173
694872 662
695096 662
695548 147.573
695814 662
695817 662
696050 662
696122 141.281
696225 231.041
696472 49.7293
696595 662
696758 228.31
696767 662
697110 476.645
697219 662
697281 662
697296 457.026
697314 407.58
697344 662
697406 662
697436 477.306
697589 386.665
697653 278.438
698054 662
698163 174.304
698569 273.376
698816 409.578
698899 403.602
699288 364.146
699578 662
699617 103.501
699620 23.5633
699776 662
700030 212.633
700108 662
700232 662
700249 117.96
700255 662
700456 164.968
700702 357.404
700714 400.937
700747 662
700836 462.003
701024 662
701042 228.695
701078 154.907
701101 16.7392
701127 662
701154 662
701505 398.494
701555 662
701595 343.143
701640 407.86
701658 662
701689 662
701922 662
702087 510.14
702275 662
702285 300.449
702429 352.962
702548 662
702568 662
702858 276.239
702982 236.239
703085 662
703212 662
703305 662
703604 253.763
703790 662
703959 662
704319 23.5142
704549 662
704659 662
704754 506.874
704777 662
704800 345.123
704814 662
704963 135.358
704971 455.851
705001 182.412
705002 662
705232 403.171
705494 142.042
705522 374.341
705767 411.962
705988 354.438
706115 289.284
706227 662
706291 662
706345 662
706580 662
706725 254.762
706816 222.842
707088 662
707152 284.689
707265 507.943
707315 662
707712 490.395
707717 380.103
708046 662
708085 662
708119 420.288
708503 310.071
708537 228.855
708660 89.4442
708668 438.68
708959 662
709045 662
709198 57.4589
709482 134.082
709571 447.488
709589 414.802
709628 662
709728 662
709734 662
709736 662
709846 662
709905 288.346
709958 340.875
710289 40.4958
711069 181.099
711103 265.57
711121 662
711154 368.776
711270 662
711395 325.95
711527 170.424
711529 400.56
711598 211.218
711678 339.558
711759 662
712163 172.559
712312 52.3534
712315 295.805
712321 468.029
712369 662
712626 424
712761 309.386
712842 478.979
713173 50.0763
713206 258.48
713361 226.448
713409 481.115
713561 15.0438
713641 125.493
713687 662
713771 187.738
713810 328.356
713888 662
714026 343.271
714294 662
714794 662
714935 402.983
715297 45.842
715404 662
715546 206.978
715565 662
715808 662
716531 413.673
716652 662
716786 443.99
716890 442.983
717188 662
717267 328.003
717305 662
717465 662
717637 662
717706 662
717849 114.887
717886 62.3472
717941 95.6391
718108 527.581
718216 662
718261 662
718263 349.327
718600 662
719254 662
719260 662
719284 239.446
719597 662
719781 27.7675
719795 662
719858 276.024
720023 662
720384 662
720414 662
720419 662
720726 318.567
720836 662
720853 662
721211 662
721470 662
721585 662
721593 288.427
721672 662
721845 662
722021 662
722286 122.222
722401 386.43
722463 86.4796
722486 136.806
722837 10.1401
722995 662
723228 202.518
723269 310.798
723305 662
723364 662
723449 261.625
723466 662
723686 204.471
724198 662
724255 441.526
724278 19.719
724306 662
724500 662
724596 662
724779 662
724947 119.619
724974 662
725154 662
725553 412.97
725615 662
725680 24.226
725802 662
725903 381.93
725949 350.565
726111 412.962
726346 132.653
726357 662
726502 51.9745
726927 662
726981 662
726989 453.688
727126 662
727157 297.517
727375 124.026
727389 102.018
727446 163.423
727466 447.443
727905 47.0984
727918 355.596
728046 662
728075 409.073
728352 399.954
728734 662
729167 186.231
729434 662
729513 353.87
729562 434.151
729615 662
729652 662
729661 276.237
729923 432.181
730025 271.365
730030 71.6234
730100 143.226
730214 127.33
730226 360.64
730543 662
730549 462.838
730626 662
730670 118.448
730691 117.572
730746 384.254
731162 343.457
731529 450.209
731534 662
731592 160.748
731694 553.86
731706 273.546
731765 107.599
731878 359.345
731912 662
731938 662
732194 143.318
732363 465.95
732991 221.047
733003 662
733499 67.9982
733563 662
733740 324.203
733741 253.41
733860 368.782
733944 441.327
733954 167.372
734045 387.061
734342 212.158
734929 662
734943 225.872
734944 662
735031 381.806
735045 662
735095 91.0406
735233 662
735367 662
735484 268.728
735564 662
735607 662
735916 434.126
736045 223.449
736189 321.999
736427 374.893
736714 662
736966 438.048
736969 383.495
736987 182.964
737202 662
737210 353.823
737246 3.00974
737387 219.691
737490 662
737498 373.745
737813 428.783
738017 662
738093 662
738173 662
738580 662
738912 258.416
739060 662
739101 84.1237
739117 160.664
739436 16.7014
739463 397.784
739681 92.6182
740002 212.507
740204 662
740262 662
740274 72.3928
740504 59.1518
740568 662
740611 318.028
740725 37.9473
740856 238.039
740954 442.85
740991 389.538
741103 476.077
741112 374.573
741157 662
741211 662
741504 662
741556 91.3736
741606 256.117
741631 662
741929 662
742158 662
742557 371.427
742748 662
742995 127.57
743047 662
743271 193.616
743296 662
743308 662
743322 662
743402 662
743482 58.6637
743587 662
743592 278.444
744654 180.309
744714 110.147
744785 38.9926
744815 48.7644
744896 460.611
744966 662
744989 662
745023 662
745109 63.7536
745390 662
745710 64.6519
745748 662
745765 31.3095
745876 662
745954 662
745976 89.817
746300 134.79
746357 266.012
746697 461.231
746737 168.392
747018 662
747224 340.199
747283 392.403
747820 402.499
748027 138.924
748716 662
748769 436.05
749012 378.337
749019 282.136
749061 662
749076 662
749123 662
749428 349.11
749616 223.214
749657 450.168
749960 20.3308
750006 154.913
750172 169.225
750323 389.442
750410 299.054
750541 270.561
750560 374.222
750614 50.9639
750877 662
750933 662
750962 303.076
751099 662
751137 662
751153 54.0606
751172 311.629
751188 662
751305 404.818
751346 473.167
751467 662
751889 220.688
751926 662
751987 188.386
752054 321.432
752196 662
752199 662
752669 662
752781 265.287
753088 662
753198 466.039
753643 662
753845 335.398
753875 662
753904 662
753918 121.418
753998 439.546
754085 662
754281 662
754297 165.125
754438 662
754529 662
754546 488.348
754678 253.578
754740 457.974
754756 288.562
754773 662
754803 161.373
755194 662
755244 662
755250 349.372
755400 662
755630 662
755766 662
755848 662
756112 22.9021
756302 662
756536 118.627
756675 189.906
757007 662
757305 662
757465 454.976
757816 662
757943 381.445
757984 93.2024
758044 662
758095 662
758218 45.5339
758352 662
758537 16.7061
758716 662
759189 81.4446
759258 662
759435 276.55
759518 662
759964 133.991
760113 92.3452
760435 429.964
760655 662
760700 662
760855 662
760953 662
761019 662
761308 19.547
761810 276.331
762073 305.585
762254 94.1835
762269 51.6125
762657 662
762704 662
762843 662
763367 278.975
763790 19.2187
763952 231.904
764113 330.982
764227 662
764289 662
764368 404.318
764423 662
764746 44.5759
764996 99.1238
765012 662
765032 662
765077 662
765080 662
765123 273.056
765292 662
765494 184.578
765678 662
765763 662
765784 147.586
765794 155.733
765923 419.087
766061 382.988
766079 662
766196 409.276
766375 662
766563 662
766758 242.602
766864 392.654
766894 172.227
766931 217.504
767170 662
767299 369.226
767331 662
767375 662
767400 662
767434 165.27
767474 406.231
767532 662
767827 662
768020 257.353
768038 384.979
768096 662
768478 662
768578 473.258
768723 662
768869 97.5194
768885 97.396
768910 324.349
769040 662
769165 97.9507
769205 662
769682 662
769873 392.581
769888 470.02
769953 662
770068 61.222
770125 662
770198 662
770422 446.569
770775 403.425
770822 167.663
770873 662
771138 662
771163 662
771344 662
771689 152.528
771858 301.134
771866 136.604
772036 287.645
772118 662
772347 290.537
772438 662
772462 662
772578 662
772620 128.549
772712 163.192
772722 6.4264
772762 349.028
772832 523.74
772974 662
773127 114.035
773249 662
773317 150.972
773429 32.9421
773450 662
773659 340.283
773986 662
774097 127.328
774099 662
774275 89.6083
774435 31.7696
774628 48.1283
774744 225.257
774825 411.818
774830 347.997
774929 337.541
775270 662
775300 662
775887 662
776100 232.017
776410 662
776437 221.087
776532 49.2063
776644 404.88
776686 662
776700 145.998
776824 237.633
776909 58.33
776983 662
777204 662
777213 114.151
777395 24.6656
777674 662
777697 323.19
777718 662
777788 662
777800 56.1719
777827 43.7461
777991 662
778034 206.069
778048 288.971
778053 206.784
778107 343.999
778148 358.268
778437 381.358
778441 66.3415
778604 453.728
778831 346.238
778925 475.506
779098 662
779386 358.347
779585 418.723
779726 43.0826
780049 662
780156 662
780511 662
780560 662
780585 107.025
780645 386.464
780763 1.1823
780776 662
780860 378.562
780921 662
780946 25.8948
781000 662
781034 423.702
781343 662
781629 662
781685 338.677
781771 185.731
781823 662
781897 147.424
782025 662
782102 93.1072
782238 451.011
782431 662
782652 662
782953 662
783037 160.03
783128 156.63
783172 417.011
783308 397.902
783480 407.859
783481 335.201
783482 662
783540 662
783836 662
783935 662
784045 662
784046 460.76
784854 662
785075 325.562
785577 662
785611 662
785696 141.484
785715 158.282
785717 141.688
785935 662
786896 662
786989 662
786996 662
787026 662
787154 53.6584
787291 171.767
787388 662
787434 514.628
787526 662
787801 438.209
787820 662
787888 339.146
788050 662
788200 68.008
788202 85.9919
788322 342.624
788338 286.593
789028 310.349
789233 662
789272 286.303
789447 311.758
789780 259.874
789858 662
790073 82.943
790161 662
790345 662
790505 425.559
790506 662
790515 81.5464
790622 662
790653 72.5771
790870 662
791082 662
791345 328.712
791405 662
791471 662
791516 391.312
791815 662
791903 119.531
791927 190.809
792036 662
792046 149.779
792120 386.499
792156 269.966
792169 662
792243 127.733
792264 662
792388 662
792722 662
792728 662
792794 662
793445 662
793453 357.745
793977 662
794025 337.976
794380 662
794458 446.701
794492 133.699
794515 662
794579 208.061
794923 81.2361
795060 153.098
795115 662
795191 160.348
795260 662
795283 662
795364 107.4
795510 149.112
795538 662
795545 662
795564 662
795663 302.473
795746 662
795834 217.885
795975 256.26
795976 124.272
796334 277.113
796340 662
796348 265.652
796388 662
796634 662
796678 476.416
796957 270.253
797109 662
797184 412.935
797391 662
797466 194.025
797552 38.6487
797572 662
797618 267.229
797990 662
798037 662
798133 99.0573
798184 219.259
798216 475.362
798623 39.2429
799311 265.221
799582 662
799851 662
800271 428.622
800500 128.118
800638 662
800658 662
800801 486.978
800982 662
801056 662
801454 352.929
801573 369.971
801736 662
801754 662
801916 219.622
802160 662
802283 662
802657 19.4936
802983 170.752
803139 662
803220 662
803335 662
803704 461.295
804000 662
804084 662
804428 29.1489
804471 662
804834 662
804899 506.98
805187 662
805393 662
805751 662
805935 662
806238 662
806257 662
806275 662
806360 43.058
806429 253.342
806445 662
806667 662
806882 169.583
806990 399.195
807106 662
807129 245.698
807172 360.772
807190 662
807263 196.002
807344 427.972
807356 662
807476 433.688
807508 662
807517 31.8929
807829 662
807906 294.443
807963 662
807991 328.037
808077 8.35096
808137 662
808255 662
808305 327.856
808457 139.795
808540 662
808591 185.991
809141 299.31
809276 64.9243
809301 175.577
809487 332.638
809521 662
809570 662
809701 662
809908 175.719
809924 662
810039 662
810258 66.7541
810338 344.963
810412 662
810574 662
810937 662
811344 14.1227
811474 318.012
811630 662
811842 662
811847 353.106
811904 46.1909
812295 74.8057
812356 662
812532 173.728
812583 199.049
812667 662
813035 33.0765
813206 662
813693 319.272
814042 412.776
814045 662
814570 662
814893 372.769
814989 437.869
815088 662
815121 662
815304 662
815353 170.981
815464 662
815469 142.065
815535 662
815583 192.863
815694 62.0605
815792 427.181
815999 328.647
816348 464.839
816445 90.4316
817085 662
817189 286.918
817295 662
817354 6.43024
817471 236.238
817604 187.984
817954 229.867
818042 211.615
818271 1.02616
818355 386.175
818395 662
818630 443.709
818850 662
818883 662
818936 476.242
819235 662
819279 662
819454 158.847
819489 420.273
819570 80.9035
819577 2.47941
819840 662
820042 207.599
820051 662
820159 319.808
820163 662
820782 445.615
820842 662
820970 87.6266
821117 209.03
821547 662
821678 201.837
821930 51.2333
822065 38.5277
822134 662
822187 335.397
822611 662
822852 662
822955 242.121
823096 662
823183 662
823482 662
823757 347.051
823805 662
823812 165.994
824235 287.574
824712 17.059
824895 435.49
824905 332.626
824915 25.9339
824940 662
825152 662
825164 662
825253 662
825407 53.6783
825992 150.748
826642 174.512
826784 466.621
826803 662
826838 222.756
826893 273.607
827077 222.211
827181 662
827287 386.168
827432 662
827699 662
827842 662
827855 116.07
827859 662
827908 23.6126
828017 662
828030 511.146
828614 662
828793 662
828891 183.42
828934 42.7306
828959 662
829323 41.878
829370 275.771
829815 662
829842 212.279
830186 189.682
830424 43.9189
830455 662
830521 662
830546 280.883
830599 662
830720 383.124
830941 662
830961 324.23
831114 163.942
831127 462.469
831394 175.008
831594 198.81
831988 662
832029 200.686
832210 662
832248 392.636
832424 662
832637 662
832696 245.158
832747 409.434
832848 270.444
833001 455.643
833019 391.057
833029 662
833065 662
833131 440.412
833134 662
833250 662
833540 662
833546 69.8569
833572 353.476
833636 354.688
833639 412.634
833703 192.933
833715 368.457
833968 401.829
834116 662
834197 662
834230 493.834
834430 188.253
834721 270.244
834743 137.713
835049 97.2542
835237 262.195
835283 358.966
835525 662
835606 221.263
836212 662
836213 662
836239 662
836484 60.4317
836501 662
836897 662
837313 662
837634 340.107
837674 77.7719
837771 662
837797 662
837842 145.447
837893 278.722
837994 662
838119 662
838159 662
838225 662
838246 662
838283 5.58824
838417 662
838927 662
839122 662
839387 662
839432 25.6245
839641 494.992
840136 662
840205 328.052
840247 39.0963
840476 17.1069
841048 99.0356
841440 43.4214
841487 662
841532 662
841650 662
841874 366.566
841937 662
842102 662
842118 405.643
842184 662
842491 37.2046
842529 257.406
842588 199.532
842609 662
842679 479.335
842708 662
842777 35.9077
842910 207.08
842918 662
843047 285.29
843285 479.326
843323 50.6195
843387 662
843508 31.9864
843991 662
844022 662
844213 197.537
844255 208.698
844265 338.779
844389 461.248
844432 662
844464 38.9242
844467 110.436
844761 117.182
844818 407.411
844943 662
845103 265.782
845287 355.695
845330 662
845334 182.211
845479 662
845501 273.989
845555 456.584
845578 262.809
845678 662
845770 662
845919 106.649
846147 662
846449 337.499
846815 144.419
846875 412.146
847201 115.072
847224 662
847296 662
847364 94.0373
847473 662
847596 662
848017 662
848033 436.1
848105 662
848157 662
848260 48.3732
848346 662
848705 662
848723 662
848739 662
849214 43.2131
849422 662
849522 662
849569 424.44
849696 662
849723 662
849822 14.5558
849939 427.108
849958 662
850096 662
850144 80.382
850174 334.582
850395 662
850533 662
850758 401.444
850820 662
850936 662
851256 662
851506 220.07
851990 662
852497 662
852641 236.3
853426 374.383
853496 263.499
853601 76.3339
853775 662
853850 258.93
854056 160.864
854140 209.101
854143 421.509
854205 662
854315 296.199
854358 662
854449 662
855054 169.041
855243 662
855413 662
855561 415.653
855653 158.415
855783 317.352
855804 662
855869 214.922
856065 236.036
856084 662
856190 662
856271 662
856432 662
856612 100.346
856833 86.0413
856870 662
857068 40.233
857145 90.344
857248 662
857249 109.416
857317 662
857425 662
857469 14.1107
857523 193.941
857681 662
857789 662
858096 67.2014
858354 662
858519 662
858586 662
858614 269.647
858639 148.959
858653 451.215
858696 400.613
859270 116.939
859559 271.695
859578 45.3574
860335 175.009
860665 340.994
860830 662
861029 430.444
861053 662
861068 226.185
861082 113.102
861152 332.529
861202 37.7295
861209 662
861319 662
861926 662
861983 662
862010 190.9
862097 69.2994
862185 662
862191 299.309
862199 662
862204 474.107
862217 374.918
862302 434.579
862310 662
862352 662
862421 388.002
862467 171.958
862480 662
862593 386.563
862773 662
862860 238.808
862880 662
863121 662
863290 19.1383
863607 662
863834 662
863888 277.602
863902 477.219
864027 662
864069 453.07
864094 472.447
864520 662
864553 662
864581 471.409
864588 662
864633 662
864953 662
865172 258.42
865339 191.841
865514 465.648
865545 472.713
865745 245.159
865837 172.84
865862 76.5414
865912 662
865961 347.353
866295 24.2092
866305 662
866339 662
866359 68.6102
866658 662
866747 389.143
866832 662
866985 264.512
867019 662
867320 472.569
867423 662
867456 206.065
867559 662
867836 662
868014 662
868043 436.857
868124 662
868223 662
868665 662
868750 662
868993 234.593
869378 662
869468 662
869686 662
869689 662
869984 308.947
870064 192.041
870216 295.188
870362 662
870439 198.053
870573 662
870937 662
871167 662
871202 199.226
871245 662
871270 662
871341 662
871349 662
871482 209.997
871558 106.611
871569 18.5995
871604 662
871772 662
872001 340.727
872367 225.45
872564 396.113
872653 662
872785 662
873111 662
873117 662
873210 662
873329 662
873346 662
873379 662
873496 662
873584 244.326
874048 662
874081 662
874264 289.072
874358 464.132
874395 662
874960 662
875096 446.844
875420 10.1924
875985 662
876037 662
876089 662
876326 131.212
876352 662
876410 662
876606 475.951
876681 662
876746 483.714
876761 216.479
876788 662
876925 474.837
877085 662
877301 662
877315 368.545
877439 409.535
877508 662
877800 662
877989 170.946
878078 662
878155 662
878347 662
878413 662
878462 152.445
878514 662
878658 181.266
878724 313.871
878903 94.8297
879336 628.982
879429 152.209
879698 224.528
879716 396.386
879756 352.835
879762 662
879932 26.5144
880207 88.7638
880395 67.3638
880560 662
880657 50.2918
880830 662
881073 3.54396
881077 662
881396 662
881513 472.96
881606 369.405
881811 374.637
881935 162.846
881979 448.11
882085 430.899
882221 662
882345 662
882453 662
882490 662
882528 662
882633 662
882741 412.649
883177 339.995
883273 662
883346 662
883716 436.017
883828 224.289
883943 473.525
884003 451.348
884195 84.2716
884552 50.8832
884790 662
884954 662
885422 255.865
885432 252.26
885459 662
885549 662
885586 662
885598 662
885790 343.548
885919 662
885926 115.953
885928 662
886081 662
886173 341.866
886202 662
886408 662
886725 662
886800 424.99
886839 662
886926 662
887004 334.283
887169 662
887228 59.4443
887311 662
887354 316.47
887357 662
887500 662
887784 219.708
887825 185.096
887871 120.928
888123 662
888133 662
888332 662
888727 662
888849 197.308
888868 240.617
888903 418.917
889041 662
889049 420.319
889192 157.553
889374 371.712
889664 662
889773 662
889997 467.52
890058 662
890222 76.108
890935 662
890995 152.609
891118 110.869
891153 662
891382 192.087
891488 185.842
891580 477.317
891659 359.215
891675 448.398
891734 662
891803 279.555
892041 662
892144 324.994
892417 176.148
892580 662
892685 662
893055 133.856
893069 303.722
893094 318.096
893413 662
893445 130.789
893646 39.4875
893743 662
893761 105.778
893981 662
893986 290.163
893994 662
893995 662
894050 662
894114 413.811
894157 662
894259 306.306
894317 212.356
894472 662
894680 276.006
894833 277.337
894880 188.152
895043 56.0232
895155 662
895444 438.28
895496 662
895502 662
895874 470.056
895908 662
896170 333.822
896203 492.352
896225 514.032
896261 202.963
896299 139.254
896665 206.973
896863 79.3769
896968 426.299
897095 662
897327 401.319
897633 432.813
898015 662
898183 662
898252 460.505
898363 211.739
898662 75.0037
898670 662
898849 459.268
898876 662
898892 662
898904 433.916
899010 662
899076 662
899230 662
899233 423.751
899261 662
899412 4.85926
899867 473.243
900007 662
900133 55.2704
900401 98.3544
900467 662
900599 181.623
900644 662
900772 38.2476
900785 423.788
900931 662
901081 662
901105 427.086
901130 2.04946
901250 662
901386 119.864
901442 34.1463
901553 662
901679 662
901757 457.882
901769 662
902043 302.335
902069 52.2146
902103 93.9345
902159 200.366
902191 662
902192 662
902257 662
902332 206.166
902471 276.671
902550 308.641
902638 662
902674 90.371
902725 15.5398
902748 662
903007 131.11
903020 374.316
903111 662
903158 443.408
903495 445.21
903560 662
903677 662
903725 389.68
903822 132.479
903981 109.151
904063 662
904193 662
904256 379.838
904314 662
904430 662
904450 662
904463 404.411
904504 346.759
904514 662
904713 662
905031 662
905201 90.8546
905346 662
905370 87.8598
905421 256.307
905456 174.331
905566 398.588
905668 286.978
906106 662
906175 129.661
906476 154.864
906763 662
906819 662
906921 334.097
906973 238.069
906980 301.132
906984 662
906993 321.778
907044 662
907346 310.96
907497 48.6613
907596 468.867
907599 662
907673 662
907944 461.909
907999 662
908041 662
908085 316.558
908303 662
908322 662
908390 458.057
908482 365.814
908580 662
908584 347.618
908718 662
908757 184.454
908909 343.971
909262 465.012
909348 662
909405 353.028
909507 45.3464
909536 662
910594 140.166
910632 662
910720 131.77
910732 6.35854
910768 173.524
910842 662
910962 662
911374 662
911658 662
911676 662
911792 662
912158 234.217
912384 662
912447 662
912585 119.375
912904 174.578
912951 662
912978 140.54
913024 490.797
913085 662
913097 662
913648 430.429
913817 430.986
914113 172.043
914262 662
914311 662
914339 135.101
914394 228.974
914539 662
915117 178.654
916016 113.384
916030 662
916310 113.159
916376 292.584
916539 173.745
916590 662
916961 662
916994 345.489
917030 298.884
917070 662
917115 662
917144 122.62
917255 394.738
917282 117.299
917287 662
917341 58.2543
917453 96.8222
917460 662
917467 662
917474 566.56
917580 662
917635 48.6899
917650 662
917829 13.3165
917831 662
917918 68.9711
918303 256.045
918406 253.233
918765 662
919549 127.121
919755 662
919892 78.4495
920187 430.736
920391 352.771
920459 379.905
920494 662
920526 204.803
920576 103.197
920608 662
920634 340.039
920764 662
920874 662
920897 662
921019 406.775
921123 662
921407 438.03
921925 101.692
922184 662
922254 354.436
922262 402.015
922419 662
922582 662
922651 662
922696 81.1054
922820 662
922938 71.7549
923078 662
923128 662
923151 662
923172 173.914
923387 86.1212
923685 662
924069 662
924128 662
924169 662
924314 662
924742 662
924819 351.403
924921 303.163
925032 353.981
925269 662
925988 420.719
926024 351.84
926077 227.345
926146 135.067
926291 662
926370 662
926392 24.8551
926478 662
926998 195.366
927027 279.187
927031 306.623
927144 318.618
927256 662
927298 450.247
927489 662
927687 465.826
927769 662
928196 431.133
928846 662
928967 323.217
929150 662
929189 363.66
929718 662
930346 662
930514 386.659
930602 662
930625 662
930651 136.929
930670 662
930797 194.59
930920 318.842
931114 662
931140 662
931198 186.064
931220 662
931272 491.591
931351 92.9546
931594 227.821
931665 398.466
931742 337.609
931846 151.264
931961 443.347
932096 662
932146 213.57
932210 120.633
932616 164.199
932810 662
933095 395.477
933126 662
933146 662
933284 373.951
933303 435.373
933322 53.1934
933399 662
933501 662
933515 324.368
933705 375.642
933767 662
933924 201.749
933987 41.5255
934249 662
934322 662
934362 662
934850 459.255
935037 662
935088 340.097
935159 662
935319 662
935629 662
935749 662
935931 476.853
935945 662
935956 128.63
935992 662
936040 346.43
936042 662
936075 662
936379 662
936381 187.268
936405 662
936461 662
936640 85.926
936660 134.179
937028 662
937276 662
937353 662
937374 662
937737 662
937772 662
937978 662
938079 662
938234 380.878
938360 388.663
938580 662
938689 95.8771
938807 126.421
938868 149.092
938919 662
938973 393.975
938992 342.817
939015 309.992
939392 662
939556 662
939770 662
939784 662
939843 662
939968 246.669
940125 662
940211 425.87
940319 662
940517 235.647
940555 662
940765 258.737
940833 393.36
941099 662
941154 662
941291 483.054
941310 13.4462
941398 328.311
941459 662
941460 91.7972
941557 447.874
941745 223.965
941882 320.479
941884 277.982
942229 662
942524 662
942547 461.353
942564 240.406
942630 41.9742
942891 266.898
943253 662
943543 435.018
943637 207.374
943966 662
944120 274.3
944173 662
944216 662
944406 56.2206
944732 50.7507
944784 662
944808 389.67
945151 662
945460 120.363
945605 319.937
945769 662
945799 662
945831 411.196
945898 392.351
945988 168.876
946156 662
946224 662
946417 662
946445 662
946473 249.595
946563 662
946581 179.041
946677 662
946968 356.299
947101 662
947115 662
947279 662
947510 103.1
947528 46.5984
947950 65.6771
947962 273.099
947988 269.06
948200 662
948263 154.572
948272 345.092
948361 157.438
948586 362.233
948642 662
948684 662
948780 662
949036 507.062
949074 662
949277 662
949349 416.735
949885 662
950435 662
950485 460.426
950627 419.058
950634 662
950697 662
950765 662
951044 259.512
951066 299.824
951157 263.165
951349 70.0823
951421 487.847
951660 662
951767 299.474
951910 459.6
951979 463.771
951998 31.5615
952021 255.48
952585 29.9993
952613 417.633
952638 662
952654 662
952794 165.557
952907 9.20982
952958 454.671
952988 662
953004 662
953389 181.28
953474 662
953507 456.957
953534 662
953575 662
953580 195.94
953700 28.3065
953701 662
953801 377.168
953807 392.5
954217 349.581
954377 317.495
954425 662
954468 385.027
954726 662
954741 57.3681
954846 662
955215 662
955249 433.237
955250 662
955370 662
955418 207.938
955471 321.775
955476 662
955678 282.439
955781 662
955945 360.426
955952 49.9168
956189 288.932
956515 662
956653 264.16
956878 426.689
956932 662
957172 178.433
957289 261.022
957931 662
958027 662
958125 413.018
958132 59.3134
958225 348.705
958317 39.6044
958344 662
958566 249.175
958580 464.871
958639 410.441
958794 237.2
958960 490.899
958990 408.582
958998 662
959251 251.859
959316 662
959667 662
959772 205.405
959896 78.8666
959904 662
960115 191.5
960165 662
960195 193.012
960278 92.7121
960297 419.606
960420 662
960464 662
960483 183.569
960486 662
960488 142.82
960539 25.1017
960582 380.195
960826 662
960905 662
961047 398.708
961162 662
961257 662
961421 17.3721
961482 221.888
961657 662
961673 662
961690 456.029
961696 346.538
962342 216.813
962396 266.536
962567 410.654
962574 471.709
962596 69.3473
962734 662
962869 76.5978
963055 662
963194 662
963441 662
963644 662
963741 385.449
963833 662
963843 293.107
963927 628.982
964195 37.5752
964293 240.341
964436 405.503
964450 21.2703
964492 662
964643 197.218
964786 146.956
965061 192.248
965142 662
965275 662
965342 130.481
965606 662
965718 213.156
966242 662
966403 58.3723
966416 662
966669 662
966820 367.312
967016 349.683
967022 172.426
967175 662
967291 662
967322 662
967532 471.551
967535 141.871
967582 371.473
967594 63.6867
967671 104.93
967998 276.705
968000 240.244
968079 662
968082 324.912
968427 89.9251
968656 10.5789
968729 662
968860 273.428
969030 662
969229 662
969364 662
969368 662
969581 662
969715 175.169
969897 285.588
969968 662
970212 662
970310 281.867
970400 478.741
970457 226.422
970766 662
970834 148.541
970878 129.71
971560 662
971804 79.2018
972086 662
972216 268.701
972235 662
972747 376.237
972772 662
972952 253.915
973524 662
973622 662
973675 662
973772 472.49
973811 47.382
973829 281.816
973962 202.991
973971 295.999
974060 662
974160 662
974271 265.297
974390 462.119
974436 662
974663 464.359
974759 395.278
974762 662
974778 263.814
974786 662
974990 662
975393 662
975617 66.9123
975658 662
975750 662
976079 662
976098 662
976146 662
976160 662
976281 662
976701 662
976800 662
977138 662
977158 365.022
977598 412.124
977856 662
977970 662
978279 94.2815
978409 662
978435 431.919
978824 662
979153 662
979165 432.433
979223 662
979862 267.514
979872 445.347
980044 662
980070 359.833
980098 662
980195 662
980317 662
980366 662
980677 662
980962 662
981059 662
981207 337.855
981365 393.136
981383 13.3136
981430 108.513
981504 662
981645 662
981671 115.77
981705 244.038
981737 342.801
981778 662
981812 662
981968 240.877
981975 490.157
981979 662
982035 27.2627
982063 662
982096 662
982481 662
982753 662
982808 662
982846 662
982946 662
983032 17.8763
983178 203.913
983253 402.627
983283 1.21521
983349 297.585
983497 662
983519 662
983749 159.353
983778 438.953
983969 465.582
983971 662
984059 423.851
984512 662
984646 115.789
984731 662
984746 662
984889 375.522
985037 457.684
985523 382.906
985699 191.715
985760 662
985863 295.724
985957 662
986206 426.43
986260 662
986300 511.086
986316 53.3079
986328 662
986349 662
986406 25.3568
986447 662
986495 662
986561 662
986599 154.913
986748 662
986780 662
986934 263.966
987202 258.745
987231 111.854
987284 662
987491 662
987707 423.02
987742 334.768
988173 662
988461 146.986
988496 80.445
988536 662
988700 343.821
988719 477.779
989062 237.828
989298 662
989409 662
989930 662
989975 662
990010 534.796
990148 445.635
990198 135.98
990289 361.495
990375 35.7389
990523 77.8037
990585 75.7281
990700 662
990709 662
990718 662
990815 74.0825
990835 324.693
990994 347.983
991435 662
991628 662
991630 662
991800 662
991967 662
992119 366.014
992239 662
992272 95.0563
992277 662
992543 662
992824 242.832
992827 260.696
992877 662
992970 662
993071 662
993122 355.905
993182 358.501
993195 376.089
993227 267.964
993272 662
993273 331.173
993608 662
993793 146.22
993845 662
993921 662
993925 338.191
994054 149.175
994114 290.925
994379 475.602
994428 393.96
994480 383.119
994500 120.9
994519 159.902
994587 478.689
994588 662
994743 662
994749 662
994783 321.319
995100 662
995164 662
995209 662
995568 226.003
995747 662
995771 662
996084 662
996406 662
996422 662
996429 354.788
996532 662
996694 325.961
996756 160.002
996762 662
996809 69.0712
996834 467.718
996853 28.237
996907 662
997260 475.001
997414 212.553
997515 662
997528 251.348
997537 662
997582 662
997765 52.6647
997923 662
998288 662
998290 662
998326 662
998530 57.7267
998624 662
998626 662
998670 262.796
998837 336.22
999008 662
999160 442.257
999211 236.486
999447 243.003
999455 376.778
999473 662
999531 128.263
999599 662
999758 405.543
999866 662
